          2.0    0.190386    0.190364 2.78028e-05
          1.9    0.205536    0.205464 3.31582e-05
          1.8    0.222326    0.222085 4.10433e-05
          1.7    0.240888    0.240232 5.47219e-05
          1.6    0.260514    0.259934  6.7688e-05
          1.5    0.281892    0.281281 9.27264e-05
          1.4    0.304085     0.30371 0.000118453
          1.3    0.328601    0.327094 0.000151928
          1.2     0.35179    0.350166 0.000185567
          1.1    0.370378    0.371205  0.00025399
          1.0    0.389628     0.38784 0.000319586
          0.9    0.395228    0.394048 0.000447761
          0.8    0.375593    0.383656 0.000866254
          0.7    0.342218     0.34257  0.00155525
          0.6    0.227699    0.239601  0.00262056
          0.5   0.0523582   0.0490797  0.00462958
