          20    0.197867    0.197867 1.78656e-07
          20     0.21351    0.213509 2.65092e-07
          20    0.230326    0.230325 2.10882e-07
          20     0.25025    0.250249 5.44581e-07
          20    0.271583    0.271582 2.30268e-07
          20    0.294616    0.294615 2.29078e-07
          20    0.316476     0.31647 1.02787e-06
          20    0.342587    0.342584   9.681e-07
          20    0.372894    0.372884 2.57906e-06
          20    0.397717    0.397701  3.7538e-06
          20    0.418158    0.418152 1.30036e-06
          20    0.434887    0.434871 2.91951e-06
          20    0.438835    0.438811 5.76191e-06
          20    0.433652    0.433598 1.60222e-05
          20    0.415855    0.415677 4.50017e-05
          20    0.367623    0.366609 0.000280503
