     14608.3
     13542.1
     13410.2
     13125.3
     13006.6
     12775.2
     12748.8
     12523.2
     12413.8
     12342.3
     12234.5
     12212.8
     12209.6
     12065.6
     11946.3
     11875.4
     11778.1
     11738.2
     11674.6
     11584.8
     11415.2
     11344.4
     11313.8
     11306.1
     11300.6
     11297.2
     11199.5
     11151.4
     11148.1
     11124.1
     11093.3
       11091
     11084.3
     11073.9
     11067.3
     11043.6
       11038
     11033.2
     10998.5
       10966
     10949.8
     10948.9
     10940.8
     10920.9
     10876.7
     10865.6
     10858.7
       10844
     10807.9
     10807.8
     10804.5
     10801.7
     10800.2
       10787
     10776.4
     10718.9
     10710.8
       10705
     10686.9
     10678.9
     10672.4
       10635
     10608.6
     10593.4
     10523.2
     10521.2
     10485.2
     10450.5
     10430.9
     10392.6
     10383.4
     10361.9
     10357.7
     10342.6
     10340.1
       10328
     10290.8
     10282.6
     10277.2
     10267.3
     10261.9
     10231.7
     10224.2
     10209.6
     10205.3
     10199.8
     10189.6
     10175.1
     10169.2
     10166.8
     10164.6
     10163.6
     10156.2
     10146.6
     10116.6
       10116
     10115.3
     10114.8
     10114.2
     10071.8
     10071.6
       10059
     10036.3
     10031.7
     10028.1
     10019.6
       10017
     10007.5
     9991.77
      9978.4
     9968.99
     9956.05
     9949.69
     9948.04
     9944.82
     9926.06
     9921.84
     9918.83
     9913.29
     9910.78
     9881.93
     9876.01
     9874.39
      9863.7
     9855.03
     9840.84
     9834.98
      9827.8
     9815.91
     9814.86
     9809.26
     9782.42
      9755.9
      9747.4
     9743.88
     9742.83
     9731.16
     9709.61
     9700.61
      9678.7
     9647.96
     9636.39
      9632.2
     9619.08
     9617.07
     9608.31
     9602.35
     9597.02
      9592.1
     9588.45
     9577.45
      9572.9
     9545.06
     9538.31
     9534.61
     9526.68
     9517.43
      9517.3
     9508.78
     9500.84
     9481.66
     9478.99
      9472.9
     9450.65
     9445.78
     9442.78
     9428.13
     9428.04
      9419.1
     9416.25
        9413
     9410.36
     9387.05
     9386.78
     9385.42
     9385.04
     9381.48
     9369.15
     9365.68
     9352.26
     9339.04
     9320.43
     9310.64
     9306.73
      9298.6
     9283.54
     9276.27
     9274.98
     9271.48
     9264.44
     9255.93
      9253.8
     9252.82
     9242.73
     9230.55
     9229.02
     9221.29
     9204.92
     9202.17
     9200.57
     9196.12
      9195.1
     9192.05
     9189.38
     9172.92
     9170.59
     9168.15
     9151.45
     9146.69
     9145.07
     9144.24
     9132.53
     9123.06
     9122.94
     9121.05
     9116.69
     9109.72
     9107.06
     9101.48
     9097.56
     9065.26
     9053.74
     9053.59
     9051.01
        9051
     9048.89
     9042.11
     9041.26
     9036.62
     9033.86
     9027.75
     9022.52
     9022.49
     9021.12
      9019.4
     9006.32
     8987.49
      8983.5
     8978.29
     8965.21
     8956.65
     8954.31
     8951.71
     8947.96
     8943.83
     8939.23
     8935.03
     8930.51
     8929.88
     8926.18
     8914.31
     8911.29
     8900.12
     8896.66
     8883.44
     8873.26
     8862.17
     8838.82
     8838.28
     8836.63
     8832.85
     8832.24
     8830.86
     8829.14
     8828.52
     8826.97
     8820.26
     8817.78
     8817.17
     8816.73
     8808.34
     8808.15
     8791.27
     8772.84
     8772.28
     8765.32
     8763.79
     8755.11
     8752.58
     8752.23
     8751.42
     8748.43
     8747.82
     8738.98
     8734.99
     8728.27
     8723.84
     8716.94
     8704.37
     8703.16
     8684.98
     8684.96
     8672.35
      8671.3
     8662.97
     8660.84
     8660.37
     8639.96
     8633.47
     8624.26
     8620.35
     8618.29
     8613.45
      8603.3
     8596.11
     8594.59
     8585.34
     8580.12
      8578.9
     8575.11
     8575.05
     8573.57
     8571.12
     8568.03
     8549.22
     8541.76
     8539.33
     8526.39
     8520.62
      8518.4
     8516.19
     8514.55
     8508.48
      8505.8
     8494.99
     8490.43
     8489.04
     8484.33
     8484.26
     8481.05
     8480.73
     8480.32
     8479.65
     8471.76
     8467.55
     8464.95
     8464.04
     8462.77
     8458.56
     8442.67
     8434.47
     8419.12
     8418.83
     8416.07
     8411.65
     8408.77
     8396.41
     8395.43
     8386.82
     8384.76
     8382.96
     8378.97
     8378.13
     8375.86
     8375.42
     8366.56
     8365.77
     8362.83
     8361.61
     8359.42
     8357.59
     8355.75
     8347.55
     8346.25
     8345.64
     8345.04
     8345.03
     8325.03
     8323.57
     8323.36
     8318.11
     8311.93
     8302.95
     8298.65
     8295.45
     8295.45
     8293.88
     8288.61
     8287.96
     8287.16
     8283.55
     8278.78
     8271.55
     8265.49
     8254.16
      8250.9
     8248.36
     8246.74
     8246.01
     8245.53
     8243.74
     8243.41
     8238.06
     8235.68
     8232.53
     8231.82
     8230.89
     8229.59
     8226.24
     8218.21
     8205.25
     8204.54
     8201.99
     8199.77
     8198.54
      8194.9
     8187.44
     8170.35
     8169.93
     8167.43
     8146.71
     8138.12
     8136.29
     8133.71
     8133.53
     8132.48
     8131.25
     8117.86
     8115.97
      8111.1
     8108.41
     8107.08
     8105.77
     8099.49
     8089.12
     8089.03
     8080.11
      8072.6
     8064.38
     8063.08
     8060.55
     8057.45
     8056.22
     8024.28
     8022.67
      8019.7
     8013.74
     8007.41
     8006.36
     8004.42
     7998.25
     7996.09
     7996.09
     7990.75
     7990.14
     7983.25
     7980.59
     7955.28
     7955.23
     7954.28
     7942.38
     7940.21
     7935.99
      7930.6
     7921.46
     7918.36
     7917.94
      7910.9
     7910.59
     7901.59
     7897.62
     7893.38
     7891.24
     7883.13
     7874.56
     7871.11
     7867.98
     7866.99
     7863.88
        7862
     7855.87
     7851.98
     7846.04
     7844.04
     7842.74
     7828.13
     7825.44
     7822.74
     7820.82
     7818.13
     7812.63
     7807.94
     7806.61
     7803.42
     7799.28
     7798.05
      7789.7
     7784.09
     7769.56
     7769.41
     7760.02
     7753.09
     7745.05
     7741.87
     7737.53
     7731.47
     7731.03
     7729.49
     7729.33
     7723.99
     7720.01
     7710.43
     7706.93
     7703.88
     7700.91
     7699.13
     7691.07
     7685.79
     7671.29
     7662.28
     7662.23
      7654.3
     7647.05
     7641.29
     7639.98
     7638.27
      7637.8
     7636.89
      7636.4
     7633.52
     7624.01
     7618.02
     7610.97
     7606.27
     7602.19
     7595.95
     7594.13
     7581.49
      7581.4
     7580.64
     7563.76
     7561.75
     7559.09
     7549.81
     7548.25
     7546.55
     7545.54
     7540.77
     7527.47
     7525.48
     7522.94
     7516.34
     7511.07
     7502.14
     7501.03
     7496.92
     7496.91
     7487.35
     7485.22
     7482.29
     7477.35
      7473.3
     7471.39
     7470.44
     7468.23
     7465.94
     7464.68
     7463.17
     7459.23
     7456.45
     7450.11
     7443.78
     7432.49
     7426.04
     7425.45
     7422.07
     7412.17
     7404.84
     7403.25
     7400.05
      7392.8
     7391.73
     7384.43
      7380.7
     7379.38
     7378.46
     7352.37
     7345.73
     7344.62
     7341.45
     7310.11
     7310.11
     7310.11
     7310.11
     7310.11
     7310.11
     7310.08
     7309.55
     7309.55
     7309.55
     7309.55
     7309.55
     7309.55
     7309.55
     7309.55
     7309.55
     7309.55
     7309.55
     7309.55
     7309.55
     7309.55
     7309.55
     7309.55
     7309.55
     7309.55
     7309.55
     7309.55
     7309.55
     7309.55
     7309.55
     7309.55
     7309.55
     7309.55
     7309.55
     7309.55
     7309.55
     7309.55
     7309.55
     7309.55
     7309.55
     7309.55
     7309.55
     7309.55
     7309.55
     7309.55
     7309.55
     7309.55
     7309.55
     7309.55
     7309.55
     7309.55
     7309.55
     7309.55
     7309.55
     7309.55
     7309.55
     7309.55
     7309.55
     7309.55
     7309.55
     7309.55
     7309.55
     7309.55
     7309.55
     7309.55
     7309.55
     7309.55
     7309.55
     7309.55
     7309.55
     7309.55
     7309.55
     7309.55
     7309.55
     7309.55
     7309.55
     7306.76
     7306.76
     7306.76
     7306.76
     7306.76
     7306.76
     7306.76
     7306.76
     7306.76
     7306.76
     7306.76
     7306.76
     7306.76
     7306.76
     7306.76
     7306.76
     7306.76
     7306.76
     7306.76
      7306.2
      7306.2
      7306.2
      7306.2
      7306.2
      7306.2
      7306.2
      7306.2
      7306.2
      7306.2
      7306.2
      7306.2
      7306.2
      7306.2
      7306.2
      7306.2
      7306.2
      7306.2
      7306.2
      7306.2
      7306.2
      7306.2
      7306.2
      7306.2
      7306.2
      7306.2
      7306.2
      7306.2
      7306.2
      7306.2
      7306.2
      7306.2
      7306.2
      7306.2
      7306.2
      7306.2
      7306.2
      7306.2
      7306.2
      7306.2
      7306.2
      7306.2
      7306.2
      7306.2
      7306.2
      7306.2
      7306.2
      7306.2
      7306.2
      7306.2
      7306.2
      7306.2
      7306.2
      7306.2
      7306.2
      7306.2
      7306.2
      7306.2
      7306.2
      7306.2
      7306.2
      7306.2
      7306.2
      7306.2
      7306.2
      7306.2
      7306.2
      7306.2
      7306.2
      7306.2
      7306.2
      7306.2
     7303.34
     7295.84
     7295.84
     7295.84
     7295.84
     7295.84
     7295.84
     7295.84
     7295.84
     7295.84
     7295.84
     7295.84
     7295.84
     7295.84
     7295.84
     7295.84
     7295.84
     7295.84
     7295.84
     7295.84
     7295.84
     7295.84
     7295.84
     7295.84
     7295.84
     7295.84
     7295.84
     7295.84
     7295.84
     7295.84
     7295.84
     7295.84
     7295.84
     7295.84
     7295.84
     7295.84
     7295.84
     7295.84
     7295.84
     7295.84
     7295.84
     7295.84
     7295.84
     7292.49
     7292.49
     7292.49
     7292.49
     7292.49
     7292.49
     7292.49
     7292.49
     7292.49
     7292.49
     7292.49
     7292.49
     7292.49
     7292.49
     7292.49
     7292.49
     7292.49
     7292.49
     7292.49
     7292.49
     7292.49
     7292.49
     7292.49
     7292.49
     7292.49
     7292.49
     7292.49
     7292.49
     7292.49
     7292.49
     7292.49
     7292.49
     7292.49
     7292.49
     7292.49
     7292.49
     7292.49
     7292.49
     7292.49
     7292.49
     7292.49
     7292.49
     7292.49
     7292.49
     7292.49
     7292.49
     7292.49
     7292.49
     7292.49
     7292.49
     7292.49
     7292.49
     7292.49
     7292.49
     7292.49
     7292.49
     7292.49
     7292.49
     7292.49
     7292.49
     7292.49
     7292.49
     7292.49
     7292.49
     7292.49
     7292.49
     7292.49
     7292.49
     7292.49
     7292.49
     7292.49
     7292.49
     7292.49
     7292.49
     7292.49
     7292.49
     7292.49
     7292.49
     7292.49
     7292.49
     7292.49
     7292.49
     7292.49
     7292.49
     7292.49
     7292.49
     7292.49
     7292.49
     7292.49
     7292.49
     7292.49
     7292.49
     7292.49
     7292.49
     7292.49
     7292.49
     7292.49
     7292.49
     7292.49
     7292.49
     7292.49
     7292.49
     7292.49
     7292.49
     7292.49
     7292.49
     7292.49
     7292.49
     7292.49
     7292.49
     7292.49
     7292.49
     7292.49
     7292.49
     7292.49
     7292.49
     7292.49
     7292.49
     7292.49
     7292.49
     7292.49
     7292.49
     7292.49
     7292.49
     7292.49
     7292.49
     7292.49
     7292.49
     7292.49
     7292.49
     7292.49
     7292.49
     7292.49
     7292.49
     7292.49
     7292.49
     7292.49
     7292.49
     7292.49
     7292.49
     7292.49
     7292.49
     7292.49
     7292.49
     7292.49
     7292.49
     7292.49
     7292.49
     7292.49
     7292.49
     7292.49
     7292.49
     7292.49
     7292.49
     7292.49
     7292.49
     7292.49
     7292.49
     7292.49
     7292.49
     7292.49
     7292.49
     7292.49
     7292.49
     7292.49
     7292.49
     7292.49
     7292.49
     7292.49
     7292.49
     7292.49
     7292.49
     7292.49
     7292.49
     7292.49
      7280.6
      7280.6
      7280.6
      7280.6
      7280.6
      7280.6
      7280.6
      7280.6
      7280.6
      7280.6
     7277.24
     7277.24
     7277.24
     7277.24
     7277.24
     7277.24
     7277.24
     7277.24
     7277.24
     7277.24
     7277.24
     7277.24
     7277.24
     7277.24
     7277.24
     7277.24
     7277.24
     7277.24
     7277.24
     7277.24
     7277.24
     7277.24
     7277.24
     7277.24
     7277.24
