          2.0    0.197849    0.197848 6.57622e-08
          1.9    0.212917    0.212917 5.42986e-08
          1.8    0.229203    0.229203 2.11048e-07
          1.7    0.247448    0.247447 5.04007e-07
          1.6    0.270094    0.270094 2.82446e-07
          1.5    0.293657    0.293657 2.61255e-07
          1.4    0.315953    0.315953 7.77854e-07
          1.3    0.344768    0.344767  6.1764e-07
          1.2    0.366609    0.366606 1.74367e-06
          1.1    0.396053    0.396047 1.09938e-06
          1.0    0.419308    0.419302 9.48693e-07
          0.9    0.438145    0.438134 2.55627e-06
          0.8    0.448916    0.448908 6.67869e-06
          0.7    0.433939    0.433902 5.44123e-06
          0.6    0.427777    0.427707 3.00005e-05
          0.5    0.336595    0.336615  2.8975e-05
