          2.0    0.032068   0.0273352 0.000425124
          1.9    0.035744   0.0308222 0.000521783
          1.8    0.041724   0.0340877  0.00056036
          1.7    0.041944   0.0386994 0.000562687
          1.6    0.054024   0.0441609  0.00055574
          1.5    0.057284   0.0511717 0.000645889
          1.4    0.059444   0.0588403  0.00081045
          1.3    0.072122   0.0710238  0.00102465
          1.2    0.090626   0.0872872  0.00107796
          1.1    0.098438    0.111559  0.00137395
          1.0    0.120988    0.146053  0.00184676
          0.9    0.198776    0.201506  0.00225835
          0.8    0.311828    0.289777  0.00382571
          0.7    0.483792    0.448459  0.00465933
          0.6    0.767756    0.672953  0.00768631
          0.5    0.957326    0.895046  0.00628168
