          2.0    0.020992   0.0263912 0.000605657
          1.9    0.024392   0.0293003 0.000624231
          1.8    0.027958   0.0330147 0.000638699
          1.7    0.033696   0.0374657 0.000773126
          1.6    0.034288    0.042994 0.000978558
          1.5     0.04265    0.049728  0.00106632
          1.4    0.053376   0.0583032  0.00116811
          1.3     0.07097   0.0694139  0.00122024
          1.2    0.086506   0.0867329  0.00137738
          1.1    0.126954    0.108881  0.00170956
          1.0    0.161208     0.14417  0.00235421
          0.9    0.221786    0.200621  0.00311997
          0.8     0.31546    0.294024  0.00359583
          0.7     0.49974    0.444681  0.00647116
          0.6    0.717804    0.677323   0.0106395
          0.5    0.967222    0.885008  0.00972019
