          2.0   -0.461904   -0.462128 0.000115672
          1.9   -0.482128   -0.482616 0.000117997
          1.8   -0.503716   -0.504641 0.000127186
          1.7    -0.52652   -0.528623 0.000143929
          1.6   -0.553156   -0.554732 0.000151986
          1.5    -0.58156   -0.582805 0.000171737
          1.4   -0.613084   -0.613645 0.000182942
          1.3   -0.644704   -0.646696 0.000191251
          1.2   -0.680956   -0.682515   0.0001864
          1.1    -0.72164   -0.721019 0.000203149
          1.0   -0.760256   -0.761592 0.000200439
          0.9   -0.804024   -0.804578  0.00021619
          0.8    -0.85116    -0.84827 0.000311843
          0.7   -0.892184   -0.891972 0.000407026
          0.6    -0.93766   -0.935534 0.000483704
          0.5   -0.973104   -0.973496 0.000583334
