          2.0   -0.463536   -0.462159 0.000129359
          1.9   -0.482688   -0.482659 0.000134972
          1.8    -0.50508   -0.504752 0.000145888
          1.7   -0.529016   -0.528499 0.000157786
          1.6    -0.55494   -0.554614 0.000162729
          1.5   -0.581772   -0.582811 0.000147059
          1.4   -0.612804   -0.613269 0.000143428
          1.3   -0.646608   -0.646486 0.000152262
          1.2   -0.684036   -0.682347 0.000162066
          1.1   -0.719724   -0.720504 0.000151731
          1.0    -0.76368   -0.761745 0.000184706
          0.9    -0.80388   -0.804461 0.000212582
          0.8   -0.849532   -0.848325 0.000234233
          0.7    -0.89464   -0.892311 0.000298024
          0.6   -0.938492    -0.93515 0.000386696
          0.5   -0.977184   -0.974669 0.000392805
