     36.0891
     21.5239
      21.076
     21.0658
     20.9879
     20.5374
     20.4918
     20.3963
     20.3944
     20.3427
     20.2835
       19.97
     19.8518
     19.8259
     19.8258
     19.8092
     19.7405
     19.7012
     19.6911
     19.6657
     19.6278
     19.4976
     19.4506
     19.4004
     19.3538
     19.3494
     19.3443
     19.3413
     19.2711
     19.1411
     19.1164
     19.0998
     19.0933
     18.9515
     18.9066
     18.8637
     18.8177
      18.815
     18.8085
     18.7195
     18.6393
     18.6146
     18.6112
     18.5744
     18.5606
     18.5513
     18.5427
     18.5363
      18.533
     18.5307
     18.5233
     18.4841
     18.3849
     18.3834
       18.35
     18.3475
     18.3345
     18.2872
     18.2751
     18.2623
     18.2108
     18.1978
     18.1952
     18.1838
     18.1685
     18.1356
     18.1028
     18.0886
      18.063
     18.0592
     18.0397
     17.9785
     17.9765
     17.9764
     17.9631
       17.96
     17.9493
     17.9373
     17.9177
     17.9054
     17.8579
      17.846
      17.821
     17.7536
     17.7485
     17.7345
     17.7183
     17.6887
     17.6374
     17.6356
     17.6341
     17.6129
     17.6103
     17.6103
      17.609
     17.6063
     17.5913
     17.5585
     17.5452
     17.5345
     17.5244
     17.5071
     17.4942
     17.4922
     17.4842
     17.4673
       17.46
     17.4512
     17.4512
     17.4337
     17.4259
     17.3967
     17.3605
     17.3321
     17.3178
     17.3176
     17.3174
     17.3142
     17.2785
     17.2751
     17.2656
     17.2568
     17.2557
     17.2484
     17.2443
     17.2418
     17.2309
     17.1788
     17.1777
     17.1737
     17.1592
     17.1592
     17.1411
      17.132
     17.1153
     17.0821
     17.0795
      17.079
     17.0687
     17.0447
     17.0378
     17.0279
     17.0197
     17.0102
     17.0073
     16.9753
     16.9668
      16.951
     16.9429
     16.9402
     16.9385
     16.8875
     16.8834
     16.8799
     16.8577
     16.8531
     16.8451
     16.7947
     16.7814
     16.7442
     16.7283
     16.7261
     16.7229
     16.6971
     16.6957
      16.657
     16.6534
     16.6323
      16.601
     16.5931
     16.5793
     16.5766
     16.5743
     16.5643
     16.5365
     16.5104
     16.5104
     16.4971
     16.4735
     16.4661
      16.444
     16.4334
     16.4334
     16.4213
     16.4124
     16.4062
      16.406
     16.4055
     16.3812
     16.3799
     16.3715
      16.351
     16.3402
     16.3217
     16.3189
     16.3141
     16.3117
     16.2857
     16.2728
     16.2589
     16.2538
     16.2336
     16.2245
     16.2227
     16.2197
     16.2197
     16.1497
     16.1304
     16.1246
     16.1149
     16.1124
     16.1111
     16.1004
     16.0951
     16.0763
     16.0642
     16.0263
      16.006
     16.0042
     15.9909
     15.9886
     15.9794
     15.9576
     15.9553
     15.9275
      15.882
     15.8634
     15.8346
     15.8313
     15.8296
     15.8296
     15.8045
     15.7939
     15.7891
     15.7889
       15.77
     15.7659
     15.7615
     15.7554
     15.7498
     15.7443
     15.7367
     15.7286
     15.7142
     15.6962
     15.6942
     15.6597
     15.6583
     15.6364
     15.6364
     15.5884
     15.5561
     15.5498
     15.5152
     15.4831
     15.4831
     15.4596
      15.458
     15.4315
     15.4223
     15.3982
     15.3963
     15.3798
     15.3797
     15.3752
     15.3743
     15.3657
     15.3582
     15.3494
     15.3493
     15.3208
     15.2977
     15.2843
     15.2799
     15.2794
     15.2775
     15.2745
     15.2721
     15.2692
     15.2662
      15.263
     15.2531
     15.2492
      15.249
     15.2367
     15.2308
     15.2224
     15.2163
     15.1995
     15.1995
      15.195
     15.1507
     15.1486
     15.1477
     15.1404
     15.1339
     15.1222
      15.118
     15.1077
      15.099
     15.0873
     15.0811
     15.0696
     15.0677
     15.0322
     15.0154
     15.0142
     15.0129
     15.0085
     15.0043
     14.9898
     14.9677
     14.9271
     14.9233
     14.9054
     14.8965
     14.8902
     14.8891
     14.8795
     14.8795
     14.8652
     14.8551
     14.8527
     14.8491
     14.8397
     14.8315
     14.8187
     14.8132
     14.8132
     14.8067
     14.7925
     14.7888
      14.783
     14.7683
     14.7646
     14.7624
     14.7612
     14.7528
     14.7389
     14.7387
     14.7303
     14.6863
     14.6752
     14.6607
     14.6433
     14.6329
     14.6178
     14.6166
      14.608
     14.5944
     14.5907
     14.5871
     14.5852
     14.5749
     14.5714
     14.5639
     14.5506
     14.5448
     14.5431
     14.5417
     14.5323
     14.5287
     14.4879
     14.4684
     14.4637
     14.4612
      14.458
     14.4566
     14.4524
     14.4465
     14.4413
     14.4358
     14.4326
     14.4272
     14.4131
     14.4075
     14.3981
     14.3861
     14.3801
     14.3726
     14.3698
     14.3698
     14.3503
     14.3353
     14.3202
      14.295
     14.2897
      14.286
     14.2693
     14.2403
     14.2317
     14.2317
     14.2288
     14.2149
     14.2069
     14.2024
     14.1942
     14.1917
     14.1813
     14.1641
     14.1641
      14.157
     14.1386
     14.1305
     14.1302
     14.1129
     14.1104
     14.1059
     14.0989
     14.0953
     14.0843
     14.0556
     14.0409
     14.0233
     14.0108
     14.0108
     13.9997
     13.9942
      13.986
      13.969
      13.951
     13.9461
     13.9381
     13.9235
     13.9083
     13.8937
      13.876
      13.788
     13.7777
     13.7738
     13.7571
      13.756
     13.7466
     13.7336
     13.7266
     13.7211
     13.6661
     13.6641
     13.6486
     13.6486
     13.6431
     13.6373
     13.6352
     13.6116
     13.6115
     13.6005
     13.5893
     13.5804
     13.5695
      13.555
     13.5544
     13.5523
     13.5417
     13.5195
      13.519
     13.5084
      13.507
     13.4967
     13.4819
     13.4727
     13.4727
     13.4672
     13.4538
     13.4258
     13.4155
     13.4155
     13.4155
     13.4104
     13.3941
     13.3915
     13.3629
     13.3609
     13.3515
      13.349
      13.349
     13.3249
     13.3249
     13.3229
     13.3156
     13.3035
     13.3035
     13.3018
     13.2881
     13.2769
     13.2558
     13.2555
     13.2522
     13.2522
     13.2491
     13.2491
     13.2397
     13.2147
     13.1991
     13.1802
     13.1795
     13.1004
     13.0919
     13.0896
     13.0864
     13.0122
     13.0037
     12.9659
     12.9563
     12.9555
     12.9431
     12.9059
     12.9023
      12.898
     12.8968
     12.8837
     12.8672
     12.8672
     12.8387
     12.8304
     12.8304
     12.8284
     12.7924
     12.7909
     12.7788
     12.7781
     12.7728
     12.7728
     12.7728
     12.7424
     12.7408
     12.6812
     12.6757
      12.668
     12.6534
     12.6156
     12.6101
      12.602
     12.5973
     12.5838
     12.5671
     12.5599
     12.5588
     12.5544
     12.5544
     12.5439
     12.5407
     12.5407
     12.5352
     12.5066
     12.5066
     12.4963
     12.4943
     12.4888
      12.449
     12.4396
     12.4335
     12.4075
     12.4053
     12.3432
     12.3161
     12.3035
      12.292
     12.2573
     12.2371
     12.2316
     12.2255
     12.2255
     12.2255
     12.2255
     12.2255
     12.2255
     12.2255
     12.2255
     12.2255
     12.2255
     12.2255
     12.2255
     12.2255
     12.2255
     12.2255
     12.2255
     12.2255
     12.2255
     12.2255
     12.2255
     12.2255
     12.2255
     12.2255
     12.2255
     12.2255
     12.2255
     12.2255
     12.2255
     12.2255
     12.2255
     12.2255
     12.2255
     12.2255
     12.2255
     12.2255
     12.2255
     12.2255
     12.2255
     12.2255
     12.2255
     12.2255
     12.2255
     12.2255
     12.2255
     12.2255
     12.2255
     12.2255
     12.2255
     12.2255
     12.2255
     12.2255
     12.2255
     12.2255
     12.2255
     12.2255
     12.2255
     12.2255
     12.2255
     12.2255
     12.2255
     12.2255
     12.2255
     12.2255
     12.2255
     12.2255
     12.2255
     12.2255
     12.2255
     12.2255
     12.2255
     12.2255
     12.2255
     12.2255
     12.2255
     12.2255
     12.2255
     12.2255
     12.2255
     12.2255
     12.2255
     12.2255
     12.2255
     12.2255
     12.2255
     12.2255
     12.2255
     12.2255
     12.2255
     12.2255
     12.2255
     12.2255
     12.2255
     12.2255
     12.2255
     12.2255
     12.2255
     12.2255
     12.2255
     12.2255
     12.2255
     12.2255
     12.2255
     12.2255
     12.2255
     12.2255
     12.2255
     12.2255
     12.2255
     12.2255
     12.2255
     12.2255
     12.2255
     12.2255
     12.2255
     12.2255
     12.2255
     12.2255
     12.2255
     12.2255
     12.2255
     12.2255
     12.2255
     12.2255
     12.2255
     12.2255
     12.2255
     12.2255
     12.2255
     12.2255
     12.2255
     12.2255
     12.2255
     12.2255
     12.2255
     12.2255
     12.2255
     12.2255
     12.2255
     12.2255
     12.2255
     12.2255
     12.2255
     12.2255
     12.2255
     12.2255
     12.2255
     12.2255
     12.2255
     12.2255
     12.2255
     12.2255
     12.2255
     12.2255
     12.2255
     12.2255
     12.2255
     12.2255
     12.2255
     12.2255
     12.2255
     12.2255
     12.2255
     12.2255
     12.2255
     12.2255
     12.2255
     12.2255
     12.2255
     12.2255
     12.2255
     12.2255
     12.2255
     12.2255
     12.2255
     12.2255
     12.2255
     12.2255
     12.2255
     12.2255
     12.2255
     12.2255
     12.2255
     12.2255
     12.2255
     12.2255
     12.2255
     12.2255
     12.2255
     12.2255
     12.2255
     12.2255
     12.2255
     12.2255
     12.2255
     12.2255
     12.2255
     12.2255
     12.2255
     12.2255
     12.2255
     12.2255
     12.2255
     12.2255
     12.2255
     12.2255
     12.2255
     12.2255
     12.2255
     12.2255
     12.2255
     12.2255
     12.2255
     12.2255
     12.2255
       12.22
       12.22
       12.22
       12.22
       12.22
       12.22
       12.22
       12.22
       12.22
       12.22
       12.22
       12.22
       12.22
       12.22
       12.22
       12.22
       12.22
       12.22
       12.22
       12.22
       12.22
       12.22
       12.22
       12.22
       12.22
       12.22
       12.22
       12.22
       12.22
       12.22
       12.22
       12.22
       12.22
       12.22
       12.22
       12.22
       12.22
       12.22
       12.22
       12.22
       12.22
       12.22
       12.22
       12.22
       12.22
       12.22
       12.22
       12.22
       12.22
       12.22
       12.22
       12.22
       12.22
       12.22
       12.22
       12.22
       12.22
       12.22
       12.22
       12.22
       12.22
       12.22
       12.22
       12.22
       12.22
       12.22
       12.22
       12.22
       12.22
       12.22
       12.22
       12.22
       12.22
       12.22
       12.22
       12.22
       12.22
       12.22
       12.22
       12.22
       12.22
       12.22
       12.22
       12.22
       12.22
       12.22
       12.22
       12.22
       12.22
       12.22
       12.22
       12.22
       12.22
       12.22
       12.22
       12.22
       12.22
       12.22
       12.22
       12.22
       12.22
       12.22
       12.22
       12.22
       12.22
       12.22
       12.22
       12.22
       12.22
       12.22
       12.22
       12.22
       12.22
       12.22
       12.22
       12.22
       12.22
       12.22
       12.22
       12.22
       12.22
       12.22
       12.22
       12.22
       12.22
       12.22
       12.22
       12.22
       12.22
       12.22
       12.22
       12.22
       12.22
       12.22
       12.22
       12.22
       12.22
       12.22
       12.22
       12.22
       12.22
       12.22
       12.22
       12.22
       12.22
       12.22
       12.22
       12.22
       12.22
       12.22
       12.22
       12.22
       12.22
       12.22
       12.22
       12.22
       12.22
       12.22
       12.22
       12.22
       12.22
       12.22
       12.22
       12.22
       12.22
       12.22
       12.22
       12.22
       12.22
       12.22
       12.22
       12.22
       12.22
       12.22
       12.22
       12.22
       12.22
       12.22
       12.22
       12.22
       12.22
       12.22
       12.22
       12.22
       12.22
       12.22
       12.22
       12.22
       12.22
       12.22
       12.22
       12.22
       12.22
       12.22
       12.22
       12.22
       12.22
       12.22
       12.22
       12.22
       12.22
       12.22
       12.22
       12.22
       12.22
       12.22
       12.22
       12.22
       12.22
       12.22
       12.22
       12.22
       12.22
       12.22
       12.22
       12.22
       12.22
       12.22
       12.22
       12.22
       12.22
       12.22
       12.22
       12.22
       12.22
     12.1842
