     36.0891
     23.5077
     22.3837
     22.2102
     22.1061
     21.7133
     21.6267
     21.4087
     21.2826
     20.9396
      20.717
     20.6075
     20.4163
     20.3079
      20.177
     20.1686
     19.9529
     19.8626
     19.8515
     19.8038
     19.7859
      19.741
     19.6659
     19.5429
     19.2436
     19.2265
     19.0932
     19.0471
     18.9736
     18.9426
     18.9382
     18.9025
     18.8864
     18.7969
     18.7307
      18.687
     18.6601
     18.6535
     18.6168
      18.579
     18.5432
     18.5175
       18.49
     18.4643
     18.4523
     18.4007
     18.3927
     18.3545
     18.3311
      18.261
     18.2108
     18.1935
     18.1912
     18.1682
     18.1546
     18.1546
     18.1382
     18.1245
     18.0874
     18.0849
     18.0649
     18.0198
     17.9549
     17.9497
     17.9219
     17.9174
     17.8935
     17.8388
     17.8386
     17.8288
     17.8224
     17.7633
     17.7494
     17.7295
     17.7223
     17.7061
     17.7043
     17.6973
     17.6658
     17.6628
     17.5366
     17.5006
     17.4958
     17.4889
     17.4802
     17.4745
     17.4742
     17.4652
     17.4647
     17.4595
     17.4452
     17.4451
     17.4401
     17.4373
     17.4346
     17.4338
     17.4268
     17.4248
     17.4243
     17.4037
     17.3714
     17.3654
     17.3341
     17.3324
      17.322
     17.3089
      17.296
     17.2661
     17.2609
     17.2452
     17.1954
     17.1925
     17.1909
     17.1695
     17.1574
     17.1535
     17.1363
     17.0386
      17.035
     17.0221
     17.0207
      17.013
     17.0067
     16.9796
     16.9762
     16.9694
     16.9628
     16.9548
     16.9522
     16.9474
     16.9115
      16.891
      16.882
     16.8703
     16.8439
     16.8365
     16.8272
     16.7826
     16.7521
     16.7355
     16.7323
     16.7156
     16.6905
     16.6701
     16.6553
     16.6509
     16.6475
     16.6455
     16.6453
     16.6445
     16.5905
     16.5891
     16.5846
     16.5518
     16.5281
     16.5108
     16.5105
     16.5093
     16.4839
     16.4796
     16.4736
     16.4643
     16.4339
     16.4135
     16.3961
     16.3792
     16.3489
     16.3056
     16.3008
     16.2981
     16.2704
     16.2608
     16.2481
     16.2363
     16.2281
     16.2192
     16.2137
     16.2097
     16.2071
      16.189
     16.1874
     16.1786
     16.1528
     16.1467
     16.1324
     16.1316
     16.1152
      16.112
      16.112
      16.105
     16.0564
     16.0127
      16.011
     16.0062
     16.0009
     15.9988
     15.9973
     15.9923
     15.9923
     15.9796
      15.959
     15.9514
     15.9417
     15.9254
      15.923
      15.923
     15.8887
     15.8723
     15.8723
     15.8707
     15.8677
     15.8569
     15.8557
     15.8359
     15.8351
     15.8175
     15.8175
     15.8105
     15.8101
     15.7868
     15.7832
     15.7832
     15.7812
     15.7709
     15.7652
      15.732
       15.73
     15.7147
     15.6925
     15.6925
     15.6835
     15.6777
     15.6759
     15.6444
     15.6376
     15.6192
     15.6046
     15.6031
     15.5634
     15.5557
     15.5434
     15.5338
     15.5333
     15.5326
     15.5251
     15.5198
     15.5152
     15.4866
     15.4827
     15.4798
     15.4798
     15.4763
     15.4759
     15.4552
     15.4449
      15.395
     15.3911
     15.3643
     15.3461
     15.3461
     15.3414
     15.3294
     15.3258
     15.3249
     15.3249
     15.3139
      15.302
     15.2918
     15.2478
     15.2382
      15.233
     15.2166
     15.2166
     15.1979
     15.1755
     15.1447
     15.1353
     15.1341
     15.0989
     15.0906
     15.0793
     15.0774
     15.0706
     15.0704
     15.0617
     15.0523
      15.048
     15.0044
     14.9966
     14.9798
     14.9398
     14.9378
     14.9376
     14.9353
     14.9292
     14.9243
     14.9196
     14.9186
     14.9152
     14.9126
     14.9032
     14.9032
     14.9032
     14.9032
     14.9032
     14.9032
     14.9032
     14.8835
     14.8771
     14.8488
     14.8486
      14.845
     14.8416
     14.8316
     14.8145
     14.8052
     14.7906
     14.7572
     14.7528
     14.7489
     14.7488
     14.7428
     14.7263
     14.7128
     14.6919
     14.6856
     14.6852
     14.6693
     14.6639
     14.6508
     14.6431
      14.642
     14.6403
     14.6239
     14.6237
     14.6161
     14.6072
     14.6071
     14.6054
     14.5919
      14.575
     14.5697
     14.5678
     14.5508
     14.5508
     14.5482
     14.5231
     14.5227
     14.5109
     14.5063
     14.4922
     14.4873
     14.4873
     14.4791
     14.4575
     14.4535
     14.4359
     14.4152
     14.4045
     14.3755
     14.3737
     14.3593
     14.3299
     14.3291
     14.3214
     14.3209
     14.3137
     14.2907
     14.2738
     14.2571
     14.2525
     14.2504
     14.2501
     14.2402
     14.2387
     14.2317
     14.2237
     14.2151
     14.2083
     14.2055
     14.1902
     14.1733
     14.1683
     14.1538
     14.1478
     14.1413
     14.1389
     14.1027
      14.101
     14.0963
     14.0896
     14.0886
     14.0845
     14.0798
     14.0715
     14.0628
     14.0621
     14.0556
     14.0441
     14.0316
     14.0316
     14.0209
     13.9961
     13.9923
     13.9871
     13.9726
     13.9653
     13.9652
     13.9613
     13.9528
     13.9345
     13.9211
     13.9156
     13.9124
      13.903
     13.9015
     13.8926
      13.876
     13.8596
     13.8557
     13.8486
     13.8453
     13.8447
     13.8388
     13.8335
     13.8323
     13.8307
     13.8306
     13.8306
     13.8216
     13.8138
     13.8127
     13.8121
     13.8112
     13.8026
     13.8008
     13.7963
     13.7963
     13.7802
     13.7747
     13.7515
     13.6983
     13.6751
     13.6729
     13.6711
     13.6647
     13.6516
     13.6476
     13.6476
     13.6384
     13.6332
     13.6321
     13.6234
     13.6151
     13.6018
     13.5959
     13.5473
     13.5472
     13.5346
     13.5209
     13.4844
     13.4839
     13.4784
     13.4696
     13.4668
     13.4187
     13.4146
     13.3957
     13.3916
     13.3903
      13.379
     13.3428
      13.342
     13.3266
     13.3266
     13.3123
     13.3102
     13.3102
     13.3078
     13.2999
     13.2999
     13.2959
     13.2835
     13.2832
     13.2822
     13.2772
     13.2772
      13.273
     13.2682
     13.2642
     13.2627
     13.2566
     13.2406
      13.218
     13.2114
     13.2101
     13.2087
     13.1989
      13.195
     13.1866
     13.1668
     13.1648
     13.1598
     13.1574
     13.1565
     13.1523
     13.1504
     13.1214
     13.1206
     13.1153
     13.1148
     13.1144
      13.102
     13.0933
     13.0817
     13.0754
     12.9657
     12.9397
     12.9237
     12.9201
      12.919
     12.9078
     12.8877
     12.8867
     12.8785
     12.8785
     12.8784
     12.8734
      12.868
     12.8639
     12.8475
     12.8475
     12.8412
     12.8412
      12.834
      12.828
     12.8148
      12.789
     12.7555
     12.7391
     12.7391
     12.7109
     12.7051
     12.7051
     12.6745
     12.6246
     12.6212
     12.5871
     12.5716
     12.5406
     12.5318
     12.5296
     12.5031
     12.4984
     12.4929
     12.4867
     12.4849
     12.4547
     12.4397
     12.4397
     12.4397
     12.4397
     12.4193
     12.3588
     12.2885
     12.2804
     12.2674
      12.264
      12.264
     12.2592
     12.2516
     12.2398
     12.2352
     12.2352
     12.2326
     12.2122
     12.1804
      12.177
     12.1619
     12.1455
     12.1397
     12.1397
     12.1168
     12.1002
     12.1002
     12.1002
     12.1002
     12.1002
     12.1002
     12.1002
     12.1002
     12.1002
     12.1002
     12.1002
     12.1002
     12.1002
     12.1002
     12.1002
     12.1002
     12.1002
     12.1002
     12.1002
     12.1002
     12.1002
     12.1002
     12.1002
     12.1002
     12.1002
     12.1002
     12.1002
     12.1002
     12.1002
     12.1002
     12.1002
     12.1002
     12.1002
     12.1002
     12.1002
     12.1002
     12.1002
     12.1002
     12.1002
     12.1002
     12.1002
     12.1002
     12.1002
     12.1002
     12.1002
     12.1002
     12.1002
     12.1002
     12.1002
     12.1002
     12.1002
     12.1002
     12.1002
     12.1002
     12.1002
     12.1002
     12.1002
     12.1002
     12.1002
     12.1002
     12.1002
     12.1002
     12.1002
     12.1002
     12.1002
     12.1002
     12.1002
     12.1002
     12.1002
     12.1002
     12.1002
     12.1002
     12.1002
     12.1002
     12.1002
     12.1002
     12.1002
     12.1002
     12.1002
     12.1002
     12.1002
     12.1002
     12.1002
     12.1002
     12.1002
     12.1002
     12.1002
     12.1002
     12.1002
     12.1002
     12.1002
     12.1002
     12.1002
     12.1002
     12.1002
     12.1002
     12.1002
     12.1002
     12.1002
     12.1002
     12.1002
     12.1002
     12.1002
     12.1002
     12.1002
     12.1002
     12.1002
     12.1002
     12.1002
     12.1002
     12.1002
     12.1002
     12.1002
     12.1002
     12.1002
     12.1002
     12.1002
     12.1002
     12.1002
     12.1002
     12.1002
     12.1002
     12.1002
     12.1002
     12.1002
     12.1002
     12.1002
     12.1002
     12.1002
     12.1002
     12.1002
     12.1002
     12.1002
     12.1002
     12.1002
     12.1002
     12.1002
     12.1002
     12.1002
     12.1002
     12.1002
     12.1002
     12.1002
     12.1002
     12.1002
     12.1002
     12.1002
     12.1002
     12.1002
     12.1002
     12.1002
     12.1002
     12.1002
     12.1002
     12.1002
     12.1002
     12.1002
     12.1002
     12.1002
     12.1002
     12.1002
     12.1002
     12.1002
     12.1002
     12.1002
     12.1002
     12.1002
     12.1002
     12.1002
     12.1002
     12.1002
     12.1002
     12.1002
     12.1002
     12.1002
     12.1002
     12.1002
     12.1002
     12.1002
     12.1002
     12.1002
     12.1002
     12.1002
     12.1002
     12.1002
     12.1002
     12.1002
     12.1002
     12.1002
     12.1002
     12.1002
     12.1002
     12.1002
     12.1002
     12.1002
     12.1002
     12.1002
     12.1002
     12.1002
     12.1002
     12.1002
     12.1002
     12.1002
     12.1002
     12.1002
     12.1002
     12.1002
     12.1002
     12.1002
     12.1002
     12.1002
     12.1002
     12.1002
     12.0837
     12.0837
     12.0837
     12.0837
     12.0837
     12.0837
     12.0837
     12.0837
     12.0837
     12.0837
     12.0837
     12.0837
     12.0837
     12.0837
     12.0837
     12.0837
     12.0837
     12.0837
     12.0837
     12.0837
     12.0837
     12.0837
     12.0837
     12.0837
     12.0837
     12.0837
     12.0837
     12.0837
     12.0837
     12.0837
     12.0837
     12.0837
     12.0837
     12.0837
     12.0837
     12.0837
     12.0837
     12.0837
     12.0837
     12.0837
     12.0837
     12.0837
     12.0837
     12.0837
     12.0837
     12.0837
     12.0837
     12.0837
     12.0837
     12.0837
     12.0837
     12.0837
     12.0837
     12.0837
     12.0837
     12.0837
     12.0837
     12.0837
     12.0837
     12.0837
     12.0837
     12.0837
     12.0837
     12.0837
     12.0837
     12.0837
     12.0837
     12.0837
     12.0837
     12.0837
     12.0837
     12.0837
     12.0837
     12.0837
     12.0837
     12.0837
     12.0837
     12.0837
     12.0837
     12.0837
     12.0837
     12.0837
     12.0837
     12.0837
     12.0837
     12.0837
     12.0837
     12.0837
     12.0837
     12.0837
     12.0837
     12.0837
     12.0837
     12.0837
     12.0837
     12.0837
     12.0837
     12.0837
     12.0837
     12.0837
     12.0837
     12.0837
     12.0837
     12.0837
     12.0837
     12.0837
     12.0837
     12.0837
     12.0837
     12.0837
     12.0837
     12.0837
     12.0837
     12.0837
     12.0837
     12.0837
     12.0837
     12.0837
     12.0837
     12.0837
     12.0837
     12.0837
     12.0837
     12.0837
     12.0837
     12.0837
     12.0837
     12.0837
     12.0837
     12.0837
     12.0837
     12.0837
     12.0837
     12.0837
     12.0837
     12.0837
     12.0837
     12.0837
     12.0837
     12.0837
     12.0837
     12.0837
     12.0837
     12.0837
     12.0837
     12.0837
     12.0837
     12.0837
     12.0837
     12.0837
     12.0837
     12.0837
     12.0837
     12.0837
     12.0837
     12.0837
     12.0837
     12.0837
     12.0837
     12.0837
     12.0837
     12.0837
     12.0837
     12.0837
     12.0837
     12.0837
     12.0837
     12.0837
     12.0837
     12.0837
     12.0837
     12.0837
     12.0837
     12.0837
     12.0837
     12.0837
     12.0837
     12.0837
     12.0837
     12.0837
     12.0837
     12.0837
     12.0837
     12.0837
     12.0837
     12.0837
     12.0837
     12.0837
     12.0837
     12.0837
     12.0837
     12.0837
     12.0837
     12.0837
     12.0837
     12.0837
     12.0837
     12.0837
     12.0837
     12.0837
     12.0837
     12.0837
     12.0837
     12.0837
