     36.0891
     21.2298
     20.9685
     20.6638
     20.4087
     19.7562
     19.7039
     19.6307
     19.6273
     19.3922
      19.164
     19.0853
     19.0347
     18.8937
     18.8394
     18.6834
     18.6298
     18.5818
     18.3908
     18.3396
     18.1746
      17.888
     17.8845
     17.8583
     17.7676
     17.7253
     17.6164
      17.612
     17.5101
     17.5019
     17.4737
      17.458
     17.4365
     17.4145
     17.3299
     17.3161
     17.3018
     17.2915
     17.2612
     17.2435
     17.2046
     17.2042
     17.2042
     17.1974
     17.1695
     17.1414
     17.1016
     17.0975
     17.0689
     17.0332
     16.9593
     16.9502
     16.9246
     16.9101
     16.9002
     16.8991
     16.8984
     16.8958
     16.8814
     16.8693
     16.8444
     16.8343
       16.81
     16.7922
     16.7808
     16.7687
     16.7676
     16.7526
     16.7196
     16.7196
     16.6695
     16.6412
     16.6223
     16.6045
     16.5991
     16.5793
     16.5756
     16.5461
     16.5301
     16.4993
     16.4704
     16.4477
     16.4045
     16.3857
     16.3641
     16.3597
     16.3472
      16.325
     16.3189
     16.3067
     16.3063
     16.2758
     16.2633
     16.2345
     16.2281
     16.2016
     16.1959
     16.0799
      16.062
     16.0598
     16.0354
     16.0168
     16.0034
     15.9716
      15.924
     15.9052
      15.898
     15.8737
     15.8571
     15.8553
     15.8389
     15.8286
     15.8004
     15.7723
     15.7583
     15.7564
     15.7462
     15.7387
     15.7297
     15.7266
     15.7244
     15.7148
     15.7006
     15.6964
     15.6705
     15.6672
      15.651
     15.6504
     15.6284
     15.6078
     15.5925
     15.5759
     15.5628
     15.5305
     15.5261
     15.5249
     15.4813
      15.477
     15.4761
     15.4573
     15.4544
     15.4437
     15.4422
     15.4291
     15.4184
      15.401
     15.3992
     15.3992
     15.3579
     15.3544
     15.3534
     15.3457
     15.3398
     15.3332
     15.3307
     15.3303
       15.33
     15.3279
     15.3208
     15.3024
     15.2703
     15.2524
      15.216
     15.1862
     15.1687
     15.1473
     15.1473
     15.1414
     15.1221
      15.093
      15.087
     15.0721
     15.0527
     15.0396
     15.0174
     15.0161
     15.0098
     15.0098
          15
      14.996
     14.9897
     14.9855
     14.9741
     14.9715
     14.9597
     14.9504
     14.9381
     14.9159
      14.913
     14.9065
     14.8953
      14.893
     14.8912
     14.8805
     14.8613
     14.8466
     14.8393
     14.8333
     14.8298
     14.8289
     14.8281
     14.8163
     14.7728
     14.7588
     14.7448
     14.7369
     14.7128
     14.7083
     14.7071
     14.6922
     14.6918
     14.6614
      14.652
     14.6486
     14.6416
      14.621
     14.6123
     14.5908
     14.5662
     14.5531
     14.5494
     14.5469
     14.5435
     14.5081
     14.5001
     14.5001
     14.4985
     14.4938
      14.479
     14.4787
     14.4721
      14.456
      14.456
     14.4542
     14.4351
     14.4335
     14.4182
     14.3895
     14.3774
     14.3466
     14.3363
     14.3157
     14.3141
     14.2944
     14.2908
      14.266
     14.2632
     14.2361
     14.2235
     14.2033
     14.1948
     14.1822
     14.1664
     14.1664
     14.1005
     14.1005
        14.1
     14.0927
     14.0659
     14.0556
     14.0539
     14.0263
     14.0153
     14.0111
     13.9891
     13.9889
     13.9881
     13.9656
     13.9638
     13.9471
     13.9087
     13.8952
     13.8639
     13.8558
     13.8556
     13.8495
     13.8468
     13.8238
     13.8227
     13.8165
     13.7902
     13.7902
     13.7773
     13.7763
     13.7637
     13.7348
      13.672
     13.6491
      13.649
     13.6395
     13.6392
     13.6306
       13.63
     13.6118
       13.61
       13.61
     13.5953
     13.5905
     13.5583
     13.5537
     13.5533
     13.5412
     13.5135
     13.5019
     13.4893
     13.4699
     13.4494
      13.445
     13.4413
     13.4371
       13.43
     13.4287
     13.4161
     13.4094
     13.3962
      13.394
     13.3939
     13.3938
     13.3903
     13.3879
     13.3837
     13.3796
     13.3783
      13.375
     13.3339
      13.316
     13.2998
     13.2963
     13.2806
     13.2577
     13.2562
     13.2344
     13.2344
     13.2223
     13.2223
     13.2205
     13.2146
     13.1969
     13.1826
       13.18
     13.1675
     13.1563
     13.1473
     13.1455
     13.1144
     13.1092
     13.0808
     13.0774
     13.0736
     13.0715
     13.0569
     13.0195
     13.0123
     12.9946
     12.9524
     12.9524
     12.9494
     12.9406
     12.9255
     12.9233
     12.9084
      12.905
      12.887
     12.8849
     12.8806
     12.8754
     12.8752
     12.8629
     12.8629
     12.8238
     12.7963
     12.7798
     12.7554
     12.7521
     12.7375
     12.6882
      12.685
     12.6675
     12.6613
     12.6592
     12.6541
     12.5809
     12.5787
     12.5698
     12.5684
     12.5682
     12.5677
     12.5632
     12.5614
     12.5378
      12.533
     12.5303
     12.4871
     12.4847
     12.4842
      12.477
     12.4752
     12.4649
     12.4492
     12.4016
     12.3979
     12.3774
      12.373
     12.3558
      12.345
     12.3156
     12.2962
     12.2592
     12.2592
     12.2592
     12.2083
     12.1969
     12.1763
     12.1687
     12.1587
     12.1356
     12.1245
     12.1184
     12.0947
     12.0788
     12.0493
     12.0143
     12.0139
     11.9883
     11.9539
     11.9479
     11.8974
     11.8774
      11.875
     11.8715
     11.8527
     11.8481
     11.8221
     11.8217
      11.809
     11.7866
     11.7688
     11.7278
     11.7267
     11.6974
     11.6922
     11.6861
     11.6844
     11.6819
     11.6656
     11.6133
     11.6115
      11.605
     11.5823
     11.5682
     11.5535
     11.5513
     11.5397
     11.5286
     11.5201
     11.5009
     11.4969
     11.4761
     11.4761
     11.4645
     11.4559
      11.452
     11.4503
      11.442
     11.4299
     11.3787
     11.3776
     11.3776
     11.3681
     11.3664
     11.3664
     11.3067
     11.2406
     11.2282
      11.216
      11.198
     11.1884
     11.1771
     11.1648
     11.1476
     11.1473
     11.1468
     11.1389
     11.1273
     11.1237
     11.1226
     11.1041
     11.0878
     11.0786
     11.0425
     11.0425
     11.0101
     11.0101
     10.9856
     10.9834
     10.9799
     10.9781
     10.9583
     10.9309
      10.912
     10.8887
     10.8852
     10.8403
     10.8344
     10.8254
     10.8215
     10.8148
     10.8057
     10.7738
     10.7738
     10.7738
     10.7738
     10.7738
     10.7738
     10.7738
     10.7738
     10.7738
     10.7738
     10.7738
     10.7738
     10.7738
     10.7738
     10.7738
     10.7738
     10.7738
     10.7738
     10.7738
     10.7738
     10.7738
     10.7738
     10.7738
     10.7738
     10.7738
     10.7738
     10.7738
     10.7738
     10.7738
     10.7738
     10.7738
     10.7738
     10.7738
     10.7738
     10.7738
     10.7738
     10.7738
     10.7738
     10.7738
     10.7738
     10.7738
     10.7738
     10.7738
     10.7738
     10.7738
     10.7738
     10.7738
     10.7738
     10.7738
     10.7738
     10.7738
     10.7738
     10.7738
     10.7738
     10.7738
     10.7738
     10.7738
     10.7738
     10.7738
     10.7738
     10.7738
     10.7738
     10.7738
     10.7738
     10.7738
     10.7738
     10.7738
     10.7738
     10.7738
     10.7738
     10.7738
     10.7738
     10.7738
     10.7738
     10.7738
     10.7738
     10.7738
     10.7738
     10.7738
     10.7738
     10.7738
     10.7738
     10.7738
     10.7738
     10.7738
     10.7738
     10.7738
     10.7738
     10.7738
     10.7738
     10.7738
     10.7738
     10.7738
     10.7738
     10.7738
     10.7738
     10.7738
     10.7738
     10.7738
     10.7738
     10.7738
     10.7738
     10.7738
     10.7738
     10.7738
     10.7738
     10.7738
     10.7738
     10.7738
     10.7738
     10.7738
     10.7738
     10.7738
     10.7738
     10.7738
     10.7738
     10.7738
     10.7738
     10.7738
     10.7738
     10.7738
     10.7738
     10.7738
     10.7738
     10.7738
     10.7738
     10.7738
     10.7738
     10.7738
     10.7738
     10.7738
     10.7738
     10.7738
     10.7738
     10.7738
     10.7738
     10.7738
     10.7738
     10.7738
     10.7738
     10.7738
     10.7738
     10.7738
     10.7738
     10.7738
     10.7738
     10.7738
     10.7738
     10.7738
     10.7738
     10.7738
     10.7738
     10.7738
     10.7738
     10.7738
     10.7738
     10.7738
     10.7738
     10.7738
     10.7738
     10.7738
     10.7738
     10.7738
     10.7738
     10.7738
     10.7738
     10.7738
     10.7738
     10.7738
     10.7738
     10.7738
     10.7738
     10.7738
     10.7738
     10.7738
     10.7738
     10.7738
     10.7738
     10.7738
     10.7738
     10.7738
     10.7738
     10.7738
     10.7738
     10.7738
     10.7738
     10.7738
     10.7738
     10.7738
     10.7738
     10.7738
     10.7738
     10.7738
     10.7738
     10.7738
     10.7738
     10.7738
     10.7738
     10.7738
     10.7738
     10.7738
     10.7738
     10.7738
     10.7738
     10.7738
     10.7738
     10.7738
     10.7738
     10.7738
     10.7738
     10.7738
     10.7738
     10.7738
     10.7738
     10.7738
     10.7738
     10.7738
     10.7738
     10.7738
     10.7738
     10.7738
     10.7738
     10.7738
     10.7738
     10.7738
     10.7738
     10.7738
     10.7738
     10.7738
     10.7738
     10.7738
     10.7738
     10.7738
     10.7738
     10.7738
     10.7738
     10.7738
     10.7738
     10.7738
      10.772
      10.772
      10.772
      10.772
      10.772
      10.772
      10.772
      10.772
      10.772
      10.772
      10.772
      10.772
      10.772
      10.772
      10.772
      10.772
      10.772
      10.772
      10.772
      10.772
      10.772
      10.772
      10.772
      10.772
      10.772
      10.772
      10.772
      10.772
      10.772
      10.772
      10.772
      10.772
      10.772
      10.772
      10.772
      10.772
      10.772
      10.772
      10.772
      10.772
      10.772
      10.772
      10.772
      10.772
      10.772
      10.772
      10.772
      10.772
      10.772
      10.772
      10.772
      10.772
      10.772
      10.772
      10.772
      10.772
      10.772
      10.772
      10.772
      10.772
      10.772
      10.772
      10.772
      10.772
      10.772
      10.772
      10.772
      10.772
      10.772
      10.772
      10.772
      10.772
      10.772
      10.772
      10.772
      10.772
      10.772
      10.772
      10.772
      10.772
      10.772
      10.772
      10.772
      10.772
      10.772
      10.772
      10.772
      10.772
      10.772
      10.772
      10.772
      10.772
      10.772
      10.772
      10.772
      10.772
      10.772
      10.772
      10.772
      10.772
      10.772
      10.772
      10.772
      10.772
      10.772
      10.772
      10.772
      10.772
      10.772
      10.772
      10.772
      10.772
      10.772
      10.772
      10.772
      10.772
      10.772
      10.772
      10.772
      10.772
      10.772
      10.772
      10.772
      10.772
      10.772
      10.772
      10.772
      10.772
      10.772
      10.772
      10.772
      10.772
      10.772
      10.772
      10.772
      10.772
      10.772
      10.772
      10.772
      10.772
      10.772
      10.772
      10.772
      10.772
      10.772
      10.772
      10.772
      10.772
      10.772
      10.772
      10.772
      10.772
      10.772
      10.772
      10.772
      10.772
      10.772
      10.772
      10.772
      10.772
      10.772
      10.772
      10.772
      10.772
      10.772
      10.772
      10.772
      10.772
      10.772
      10.772
      10.772
      10.772
      10.772
      10.772
      10.772
      10.772
      10.772
      10.772
      10.772
      10.772
      10.772
      10.772
      10.772
      10.772
      10.772
      10.772
      10.772
      10.772
      10.772
      10.772
      10.772
      10.772
      10.772
      10.772
      10.772
      10.772
      10.772
      10.772
      10.772
      10.772
      10.772
      10.772
      10.772
      10.772
      10.772
      10.772
      10.772
      10.772
      10.772
      10.772
      10.772
      10.772
      10.772
      10.772
      10.772
      10.772
      10.772
      10.772
      10.772
      10.772
      10.772
      10.772
      10.772
      10.772
      10.772
      10.772
      10.772
      10.772
      10.772
      10.772
      10.772
      10.772
      10.772
      10.772
      10.772
      10.772
      10.772
      10.772
      10.772
      10.772
      10.772
      10.772
      10.772
      10.772
      10.772
      10.772
      10.772
      10.772
      10.772
      10.772
      10.772
      10.772
     10.5932
