     36.0891
     23.9681
     23.1795
     22.1276
     21.7068
      21.201
     21.1866
     21.1559
      21.049
     20.5106
     20.4869
      20.367
     20.2587
     20.0685
     19.9647
     19.9485
      19.864
     19.7421
     19.7061
     19.6729
     19.6723
     19.5922
     19.5415
     19.4587
     19.3451
     19.2377
     19.2204
     19.1825
     19.1137
     19.0789
     19.0319
     19.0105
     18.9177
     18.8998
     18.8374
     18.7851
     18.7686
     18.7214
     18.6344
     18.5648
     18.5321
     18.5171
     18.4187
     18.4113
      18.364
      18.349
     18.2955
     18.2394
     18.2262
     18.2164
     18.1391
     18.1385
     18.0625
     18.0396
     17.9914
     17.9788
     17.9533
     17.9093
     17.9077
     17.8989
     17.8984
     17.8876
     17.8285
     17.8206
     17.8167
     17.7929
     17.7819
     17.7439
     17.7208
     17.7183
     17.6899
     17.6548
     17.6503
     17.6398
     17.6261
     17.5695
     17.5657
     17.5432
     17.5398
     17.5007
     17.4929
     17.4546
     17.4149
     17.3412
     17.3334
     17.3119
     17.3117
     17.3042
     17.2859
     17.2724
     17.2381
     17.2269
      17.199
     17.1711
       17.13
     17.1281
     17.1194
      17.117
     17.0651
     17.0522
     17.0485
     17.0286
     17.0178
     16.9902
     16.9886
     16.9654
     16.9607
     16.9135
     16.9094
      16.871
     16.8658
     16.8624
     16.8624
     16.8537
     16.8476
     16.8476
     16.8437
     16.8396
     16.8159
     16.7571
     16.7516
     16.7516
     16.7094
     16.7089
     16.6902
     16.6723
     16.6573
     16.6296
     16.6296
     16.6296
     16.6279
     16.6002
      16.588
     16.5827
     16.5817
     16.5658
     16.5537
     16.5523
     16.5523
     16.5493
     16.5458
     16.5392
     16.5374
     16.5308
     16.5232
     16.5004
     16.4931
     16.4847
     16.4745
     16.4512
     16.4462
     16.4192
      16.414
     16.4124
     16.4099
     16.3872
     16.3702
     16.3664
     16.3664
     16.3664
     16.3542
     16.3209
      16.309
     16.3074
     16.3002
     16.2987
     16.2956
      16.288
     16.2858
     16.2828
     16.2717
     16.2705
     16.2701
     16.2658
     16.2447
     16.2381
     16.1627
     16.1364
     16.0785
      16.059
     16.0436
     16.0345
     16.0271
     16.0154
     16.0111
     16.0056
      15.991
     15.9804
     15.9741
      15.966
     15.9445
     15.9191
     15.9019
     15.8921
     15.8846
     15.8165
     15.8129
     15.7882
     15.7878
      15.769
     15.7533
     15.7517
     15.7462
     15.7365
     15.7222
     15.7195
     15.7077
     15.7041
     15.7002
      15.681
      15.664
     15.6589
     15.6579
     15.6476
     15.6424
     15.6181
     15.6114
     15.5604
     15.5581
     15.5524
     15.5447
     15.5049
     15.4867
     15.4817
     15.4627
     15.4445
     15.4382
     15.4379
      15.419
     15.4054
     15.4002
      15.381
     15.3656
     15.3647
     15.3646
     15.3642
     15.3505
     15.3198
     15.2987
     15.2911
     15.2911
     15.2805
     15.2493
     15.2451
     15.2183
     15.2094
     15.2017
     15.1965
     15.1726
     15.1726
     15.1392
     15.1274
     15.1122
     15.0835
     15.0806
     15.0763
     15.0651
     15.0651
     15.0446
      15.043
     15.0331
     15.0166
     15.0099
     15.0042
     14.9923
     14.9923
     14.9922
     14.9856
     14.9806
     14.9729
     14.9552
     14.9543
     14.9507
     14.9503
     14.9393
     14.9392
     14.9339
     14.9209
     14.9087
     14.9035
     14.9035
     14.8846
       14.88
     14.8705
     14.8533
     14.8316
     14.8243
     14.8143
     14.8132
     14.8058
     14.8015
     14.8005
      14.799
     14.7989
     14.7768
     14.7397
     14.7317
     14.7226
     14.7174
     14.7158
     14.7055
     14.6987
     14.6935
     14.6868
      14.686
     14.6765
     14.6757
     14.6754
     14.6732
     14.6671
     14.6566
     14.6552
     14.6423
      14.636
      14.632
     14.6285
     14.6193
     14.5991
      14.586
     14.5759
     14.5753
     14.5628
     14.5385
     14.5261
     14.5259
     14.5226
     14.5052
     14.5005
     14.4988
     14.4916
     14.4785
     14.4633
      14.451
     14.4422
     14.4119
     14.3628
     14.3446
     14.3429
     14.3019
      14.301
     14.2932
     14.2905
     14.2904
     14.2688
      14.268
     14.2541
     14.2404
     14.2385
     14.2144
     14.2143
     14.2091
     14.2023
     14.2023
     14.1909
     14.1806
     14.1785
     14.1723
     14.1701
     14.1566
     14.1191
     14.0826
     14.0785
     14.0586
     14.0498
     14.0152
     14.0141
     14.0081
     14.0081
     13.9886
     13.9844
     13.9639
     13.9622
     13.9293
     13.9048
     13.8908
     13.8908
     13.8856
     13.8415
     13.8313
     13.8066
     13.7845
     13.7719
     13.7624
     13.7589
      13.724
      13.686
     13.6729
     13.6596
     13.6303
     13.6231
     13.5942
     13.5649
     13.5385
     13.5244
     13.5221
     13.4647
     13.4545
     13.4149
     13.4136
     13.3846
     13.3819
     13.3494
     13.3463
     13.3456
     13.3028
     13.2794
     13.2332
     13.2221
       13.21
     13.2068
     13.2014
     13.1846
     13.1788
     13.1788
     13.1347
     13.1149
     13.0854
     13.0819
     13.0716
     13.0679
     13.0391
     13.0294
     12.9811
     12.9475
     12.9414
     12.9385
     12.9289
      12.928
     12.9261
     12.9038
     12.8983
     12.8922
     12.8724
     12.8638
     12.8578
     12.8544
     12.8544
     12.8267
     12.8214
      12.788
      12.781
     12.7555
     12.7537
     12.7473
     12.7248
     12.7099
     12.7072
     12.6943
     12.6641
     12.6515
     12.5621
     12.5483
     12.5387
     12.5219
     12.5176
     12.5124
       12.51
     12.4879
     12.4834
     12.4743
     12.4609
     12.4609
     12.4593
      12.455
     12.4331
     12.3717
     12.3427
     12.3267
     12.3226
     12.3223
     12.3055
     12.2955
     12.2746
     12.2601
     12.2383
     12.2329
     12.2106
     12.1907
     12.1683
     12.1513
     12.1398
     12.1398
     12.1379
     12.1379
     12.1326
     12.1233
     12.1152
     12.0586
     12.0354
     12.0354
     12.0302
     12.0302
     12.0261
     12.0096
     11.9596
     11.9319
     11.9246
     11.8801
     11.8795
     11.8678
     11.8494
     11.8145
     11.8132
     11.8037
     11.8037
     11.7973
     11.7928
     11.7875
      11.787
     11.7785
     11.7644
      11.707
     11.6976
     11.6788
     11.6464
     11.6365
     11.5592
     11.5592
     11.4995
     11.4831
     11.4549
     11.4496
     11.4341
     11.4288
     11.4288
     11.4193
     11.4193
     11.4193
     11.4193
     11.4193
     11.4193
     11.4193
     11.4193
     11.4193
     11.4193
     11.4193
     11.4193
     11.4193
     11.4193
     11.4193
     11.4193
     11.4193
     11.4193
     11.4193
     11.4193
     11.4193
     11.4193
     11.4193
     11.4193
     11.4193
     11.4193
     11.4193
     11.4193
     11.4193
     11.4193
     11.4193
     11.4193
     11.4193
     11.4193
     11.4193
     11.4193
     11.4193
     11.4193
     11.4193
     11.4193
     11.4193
     11.4193
     11.4193
     11.4193
     11.4193
     11.4193
     11.4193
     11.4193
     11.4193
     11.4193
     11.4193
     11.4193
     11.4193
     11.4193
     11.4193
     11.4193
     11.4193
     11.4193
     11.4193
     11.4193
     11.4193
     11.4193
     11.4193
     11.4193
     11.4193
     11.4193
     11.4193
     11.4193
     11.4193
     11.4193
     11.4193
     11.4193
     11.4193
     11.4193
     11.4193
     11.4193
     11.4193
     11.4193
     11.4193
     11.4193
     11.4193
     11.4193
     11.4193
     11.4193
     11.4193
     11.4193
     11.4193
     11.4193
     11.4193
     11.4193
     11.4193
     11.4193
     11.4193
     11.4193
     11.4193
     11.4193
     11.4193
     11.4193
     11.4193
     11.4193
     11.4193
     11.4193
     11.4193
     11.4193
     11.4193
     11.4193
     11.4193
     11.4193
     11.4193
     11.4193
     11.4193
     11.4193
     11.4193
     11.4193
     11.4193
     11.4193
     11.4193
     11.4193
     11.4193
     11.4193
     11.4193
     11.4193
     11.4193
     11.4193
     11.4193
     11.4193
     11.4193
     11.4193
     11.4193
     11.4193
     11.4193
     11.4193
     11.4193
     11.4193
     11.4193
     11.4193
     11.4193
     11.4193
     11.4193
     11.4193
     11.4193
     11.4193
     11.4193
     11.4193
     11.4193
     11.4193
     11.4193
     11.4193
     11.4193
     11.4193
     11.4193
     11.4193
     11.4193
     11.4193
     11.4193
     11.4193
     11.4193
     11.4193
     11.4193
     11.4193
     11.4193
     11.4193
     11.4193
     11.4193
     11.4193
     11.4193
     11.4193
     11.4193
     11.4193
     11.4193
     11.4193
     11.4193
     11.4193
     11.4193
     11.4193
     11.4193
     11.4193
     11.4193
     11.4193
     11.4193
     11.4193
     11.4193
     11.4193
     11.4193
     11.4193
     11.4193
     11.4193
     11.4193
     11.4193
     11.4193
     11.4193
     11.4193
     11.4193
     11.4193
     11.4193
     11.4193
     11.4193
     11.4193
     11.4193
     11.4193
     11.4193
     11.4193
     11.4193
     11.4193
     11.4193
     11.4193
     11.4193
     11.4193
     11.4193
     11.4193
     11.4193
     11.4193
     11.4193
     11.4193
     11.4193
     11.4193
     11.4193
     11.4193
     11.4193
     11.4193
     11.4193
     11.4193
     11.4193
     11.4193
     11.4193
     11.4193
     11.4193
     11.4193
     11.4193
     11.4193
     11.4193
     11.4193
     11.4193
     11.4193
     11.4193
     11.4193
     11.4193
     11.4193
     11.4193
     11.4193
     11.4193
     11.4193
     11.4141
     11.4141
     11.4141
     11.4141
     11.4141
     11.4141
     11.4141
     11.4141
     11.4141
     11.4141
     11.4141
     11.4141
     11.4141
     11.4141
     11.4141
     11.4141
     11.4141
     11.4141
     11.4141
     11.4141
     11.4141
     11.4141
     11.4141
     11.4141
     11.4141
     11.4141
     11.4141
     11.4141
     11.4141
     11.4141
     11.4141
     11.4141
     11.4141
     11.4141
     11.4141
     11.4141
     11.4141
     11.4141
     11.4141
     11.4141
     11.4141
     11.4141
     11.4141
     11.4141
     11.4141
     11.4141
     11.4141
     11.4141
     11.4141
     11.4141
     11.4141
     11.4141
     11.4141
     11.4141
     11.4141
     11.4141
     11.4141
     11.4141
     11.4141
     11.4141
     11.4141
     11.4141
     11.4141
     11.4141
     11.4141
     11.4141
     11.4141
     11.4141
     11.4141
     11.4141
     11.4141
     11.4141
     11.4141
     11.4141
     11.4141
     11.4141
     11.4141
     11.4141
     11.4141
     11.4141
     11.4141
     11.4141
     11.4141
     11.4141
     11.4141
     11.4141
     11.4141
     11.4141
     11.4141
     11.4141
     11.4141
     11.4141
     11.4141
     11.4141
     11.4141
     11.4141
     11.4141
     11.4141
     11.4141
     11.4141
     11.4141
     11.4141
     11.4141
     11.4141
     11.4141
     11.4141
     11.4141
     11.4141
     11.4141
     11.4141
     11.4141
     11.4141
     11.4141
     11.4141
     11.4141
     11.4141
     11.4141
     11.4141
     11.4141
     11.4141
     11.4141
     11.4141
     11.4141
     11.4141
     11.4141
     11.4141
     11.4141
     11.4141
     11.4141
     11.4141
     11.4141
     11.4141
     11.4141
     11.4141
     11.4141
     11.4141
     11.4141
     11.4141
     11.4141
     11.4141
     11.4141
     11.4141
     11.4141
     11.4141
     11.4141
     11.4141
     11.4141
     11.4141
     11.4141
     11.4141
     11.4141
     11.4141
     11.4141
     11.4141
     11.4141
     11.4141
     11.4141
     11.4141
     11.4141
     11.4141
     11.4141
     11.4141
     11.4141
     11.4141
     11.4141
     11.4141
     11.4141
     11.4141
     11.4141
     11.4141
     11.4141
     11.4141
     11.4141
     11.4141
     11.4141
     11.4141
     11.4141
     11.4141
     11.4141
     11.4141
     11.4141
     11.4141
     11.4141
     11.4141
     11.4141
     11.4141
     11.4141
     11.4141
     11.4141
     11.4141
     11.4141
     11.4141
     11.4141
     11.4141
     11.4141
     11.4141
     11.4141
     11.4141
     11.4141
     11.4141
     11.4141
     11.4141
     11.4141
     11.4141
     11.4141
     11.4141
     11.4141
     11.4141
     11.4141
     11.4141
     11.4141
     11.4141
     11.4141
     11.4141
     11.4141
     11.4141
     11.4141
     11.4141
     11.4141
     11.4141
     11.4141
     11.4141
     11.4141
     11.4141
     11.4141
     11.4141
     11.4141
     11.4141
     11.4141
     11.4141
     11.4141
     11.3879
     11.3398
