115.91
81.8
77.44
95.34
91.43
91.45
102.66
81.55
115.28
116.37
82.17
96.02
96.26
95.67
84.16
108.27
113.54
93.29
117.19
128.15
93.41
98.68
73.63
78.66
75.95
100.85
96.22
95.45
82.21
87.27
110.97
78.09
74.35
96.44
85.92
116.64
103.63
119.2
115.65
77.96
79.32
103.15
100.44
97.42
87.06
93.77
94.79
107.03
116.54
81.13
108.12
104.44
77.83
120.71
69.1
109.91
129.53
106.54
112.32
96.01
109.7
130.63
111.37
113.04
81.68
95.54
89.46
76.72
89.25
99.08
125.98
112.93
87.66
91.21
98.32
98.87
93.78
96.91
65.98
89.89
99.21
93.22
88.99
105.57
104.32
111.59
114.03
57.75
97.81
131.18
107.93
89.61
108.35
112.4
86.98
115.71
106.16
93.48
127.85
102.38
66.09
99.87
101.18
98.67
99.28
102.23
88.5
96.35
98.31
106.03
85.35
106.46
81.12
93.82
80.52
85.89
94.29
127.41
93.38
94.34
106.06
86.15
93.57
82.74
62.88
113.57
117.43
105.3
101.61
97.55
95.79
94.9
91.97
99.85
111.01
118.95
93.44
95.71
112.5
100.87
79.1
103.38
78.8
121.17
129.57
111.42
79.96
99.08
78.3
111.16
97.92
105.77
105.93
96.18
84.92
86.69
73.66
107.25
105.89
88.96
101.4
93.1
80.34
108.69
113.57
100.64
88.71
113.29
101.41
99.41
107.19
99.72
92.09
73.74
93.47
114.04
95.8
104.27
98.51
104.05
94.04
120.28
85.15
108.95
95.73
78.97
83.64
105.31
96.84
99.22
95.87
95.87
78.77
101.59
117.94
86.5
81.25
101.48
103.41
93.28
106.07
115.09
79.63
66.34
80.34
113.8
105.16
88.63
85.76
95.51
127.29
91.8
115.23
82.81
92.27
94.09
72.71
102.88
87.23
98.57
89.18
88.36
114.46
122.14
96.97
92.78
102.34
88.99
81.96
121.71
144.44
102.73
103.49
76.37
104.96
117.15
90.76
86.75
105.53
86.62
83.79
108.4
105.53
113.71
86.86
94.71
114.81
104.33
107.19
96.4
114.53
116.56
84.76
119.46
76.89
97.16
95.42
100.41
113.04
111.23
110.65
97.14
93.37
109.93
98.69
89.51
133.18
68.36
100.48
92.2
65
121.29
94.14
95.34
94.06
102.16
99.32
85.56
103.34
123.12
107.91
98.58
92.25
102.52
111.58
75.81
101
110.53
83.61
102.9
102.52
108.82
107.37
108.19
73.37
101.17
107.64
85.74
111.2
109.1
90.43
117.93
71.44
126.37
78.06
90.95
80.55
103.87
106.58
84.77
98.17
79.44
102.96
91.07
109.15
74.61
89.97
114.28
78.57
84.92
96.77
102.37
81.42
87.13
110.52
97.38
105.26
125.51
79.5
101.41
97.45
70.78
114.71
103.46
87.5
103.49
116.89
105.5
94.86
120.66
80.95
123.38
118.26
106.74
92.46
98.14
96.92
116.36
102.05
69.09
89.08
138.44
76.52
84.85
94.34
107.77
101.94
81.55
98.91
113.05
103.6
90.32
99.14
105.05
118.58
95.91
80.21
123.99
96.31
87.73
106.45
85.39
89.46
89.18
119.51
114.21
91.57
84.24
100.09
113.97
98.12
78.85
91.87
121.65
76.54
103.9
100.13
82.51
86.42
89.06
110.37
119.65
102.1
93.25
99.48
102.11
125.39
88.73
93.16
90.28
93.25
91.34
89.85
97.6
99.5
99.01
86.7
125.51
82.09
120.42
110.26
100.62
101.51
92.33
87.68
117.56
90.53
99.9
153.88
75.77
73.16
100.19
112.32
118.93
111.88
110.17
98.54
94.58
92
110.26
105.22
102.61
125.77
105.61
111.3
106.58
88.43
84.11
100.21
104.46
108.55
91.57
101.84
86.13
103.6
122.72
123.89
92.39
107.53
117.25
117.91
113.1
88.18
103.79
110.76
107.53
91.82
97.79
83.65
107.67
83.64
106.67
112.38
85.51
101.17
92.91
109.54
88.65
121.1
112.25
117.98
96.7
89.16
110.6
95.14
97.75
82.15
85.45
125.51
87.24
97.55
102.36
98.4
104.41
88.78
112.68
106.97
97.02
91.64
94.35
91.79
112.58
99.31
83.49
94.95
94.87
89.56
75.12
84.59
101.4
102.96
136.83
87.8
82.07
75.4
82.5
83.71
105.78
88.34
119.04
130.99
93.84
102.4
102.32
92.13
74.16
89.71
88.31
101.22
133.5
104.5
97.62
95.33
93.13
108.29
105.63
100.92
77.09
104.63
85.59
111.71
97.29
97.65
96.41
91.08
107.97
100.86
114.9
89.32
87.38
87.39
70.51
115.98
85.58
112.3
95.05
79.93
105.07
98.42
94.95
102.54
100.89
88.56
107.64
98.44
105.19
108.81
98.67
105.23
118.91
88
102.55
86.81
87.84
98.45
111.73
87.4
88.09
110.45
110.98
113.41
99.86
121.89
112.95
110.36
122.67
98.03
105.95
114.87
114.81
111.8
103.01
94.8
130.12
108.1
104.94
106.44
110.69
96.51
125.17
97.39
93.31
112.65
90.66
121.14
89.82
101.31
103.73
100.9
119.35
104.6
87.11
115.29
97.16
75.63
79.61
125.35
95.65
96.53
95
97.19
93.69
128.52
93.68
87.28
91.13
87.6
71.88
79.19
83.03
118.12
96.19
98.01
111.32
94.97
89.83
100.27
89.66
100.59
97.68
100.46
120.15
88.29
80.86
99.62
92.38
87.53
101.7
95.52
102.5
117.01
114.67
103.9
96.74
97.23
87.65
89.52
94.15
114.03
98.71
92.16
92.77
105.25
98.88
92.06
90.79
71.74
106.82
98.7
150.43
99.16
96.28
98.87
91.98
92.33
106.46
109.28
113.8
122.23
87.36
136.14
97.65
104.65
107.89
87.29
80.95
131.36
97.46
94.71
110.07
94.85
81.37
94.47
85.93
96.78
80.97
84.53
86.28
86.29
109.57
112.9
91.53
99.96
99.2
96.55
104.62
116.97
107.72
98.66
94.47
87.58
105.26
93.69
94.97
103.94
109.54
110.7
103.09
97.13
106.34
85.18
116.58
92.13
91.52
113.95
92.33
90.95
100.26
97.45
88.87
110.93
88.28
116.47
91.27
138.35
115.34
103.46
98.04
87.92
72.42
85.92
91.39
95.02
89.49
104.58
146.94
135.68
69.56
104.28
93.82
88.71
91.89
81.99
76.63
91.42
94.15
88.04
87.61
127.65
85
84.96
99.08
74.14
79.84
70.85
78.14
132.58
95.79
99.18
109.57
65.65
78.45
102.96
115.21
92.05
105.67
100.12
97.23
107.94
117.11
126.09
97.84
125.13
113.03
85.55
77.08
79.06
106.31
105.04
106.16
113.23
125.02
110.84
69.81
107.62
101.34
89.39
106.68
91.74
94.1
120.89
94.51
135.08
94.83
68.97
112.61
94.31
87.97
111.69
79.13
103.37
127.98
71.64
102.39
78.14
101.44
72.57
120.29
78.14
100.05
98.66
105.85
108.24
96.4
74.7
95.81
95.5
97.6
92.7
93.57
81.97
107.1
124.61
93.8
100.04
110.53
104.71
87.09
103.84
87.75
103.16
84.55
74.88
119.98
105.17
97.4
83.73
92.17
122.06
112.14
104.12
94.56
114.3
100.31
86.59
120.42
80.44
100.71
127.05
90.34
112.93
104.4
108.55
90.11
114.28
102.01
117.55
108.43
98.43
92.46
93.55
87.77
88.42
93.6
89.07
98.27
117.59
72.97
92.52
84.75
92.83
86.54
103.7
93.97
94.06
86.42
81.6
115.02
99.72
105
93.66
95.43
112.12
118.26
110.19
115.94
78.09
96.38
118.51
94.33
105.77
102.47
106.03
113.49
86.94
100.88
78.25
113.49
101.79
110.53
84.84
102.28
109.75
77.29
79.62
91.24
107.58
99.2
106.76
132.08
91.48
88.41
88.74
94.07
93.67
89.51
94.53
113.82
81.44
103.06
92.15
109.51
82.77
115.36
88.45
77.69
80.21
87.65
109.05
94.98
102.26
104.38
93.35
81.79
78.61
98.36
102.26
89.99
94.65
102.73
78.02
82.92
98.02
84.13
109.58
118.05
114.83
107.96
124.28
110.93
84.97
74.7
92.27
94.08
87.84
124.11
84.72
117.25
81.41
110.76
96.17
74.7
88.19
91.12
95.47
84.92
106.71
108.87
89.17
86.05
77
113.85
77.93
94.37
102.95
102.61
111.51
110.21
129.04
105.02
97.26
108.01
107.47
73.93
114.87
79.15
107.3
111.45
99.32
89.2
117.83
90.47
75.67
97.11
103.26
99.41
89.13
130.35
98.73
95.12
87.65
94.88
98.23
96.93
102.37
105.76
71.64
105.89
105.36
107.28
129.02
102.34
90.48
87.91
82.24
105.57
79.13
112.41
92.79
97.06
106.73
101.99
78.82
89.72
118.66
96.91
113.81
105.08
98
91.75
85.88
96.49
100.99
110.74
112.89
104.95
94.27
91.06
108.1
84.65
79.61
113.01
97.2
94.5
94.9
89.69
117.04
80.94
102.95
83.57
80.27
75.49
123.55
85.16
69.97
83.59
117.36
89.42
110.48
114.18
105.46
79.44
117.15
85.2
94.68
100.95
120.24
90.09
110.53
110.27
123.54
98.2
83.4
109.02
100.44
106.4
128.32
83.69
95.84
104.72
111.06
110
128.7
94.51
85.64
95
90.2
94.49
82.41
84.81
82.62
90.86
88.46
103.29
82.55
74.94
113.88
99.84
77.25
72.23
89.04
100.19
98.02
113.45
99.34
101.64
93.14
97.73
98.51
83.35
99.69
132.16
114.86
85.05
90.2
101.2
97.9
91.42
99.79
109.28
116.25
93.94
83.87
91.43
114.25
100.31
99.34
106.76
105.97
93.67
85.14
121.9
104.27
109.6
95.94
130.61
107.04
90.59
81.24
87.27
84.38
123.59
89.56
106.58
103
107.5
78.47
101.28
99.39
93.74
118.1
119.25
90.36
115.23
109.06
96.96
100.68
106.49
96.43
74.64
85.88
90.72
101.05
113.4
74.86
98.07
100.69
102.87
98.78
90.51
102.83
106.59
96.26
108.84
80.44
120.83
94.82
95.52
144.31
81.87
89.28
97.48
102.02
90.17
101.65
118.34
100.57
77.37
82.64
111.67
107.65
79.15
104.78
101.95
98.58
117.14
94.51
105.96
76.21
97.13
83.03
98.63
99.68
77.9
80.5
92.65
92.4
111.29
110.58
89.62
83.9
100.6
84.12
108.76
101.94
66.53
102.92
131.3
85.92
69.08
122.62
93.97
95.85
90.78
98.65
155.07
98.13
87.51
88.92
107.04
129.82
81.59
102.32
105.75
121.48
111.67
99.15
85.95
104.47
103.68
96.72
78.43
97.92
100.18
93.75
93.24
118.4
120.99
91.91
100.87
115.08
74.46
102.53
102.95
77.49
91.03
96.04
121.31
94.53
106.86
83.96
79.75
95.12
126.32
104.58
106.29
103.97
111.76
81.98
79.4
107.26
95.97
101.38
102.74
127.16
91.78
121.93
104.09
94.44
99.56
108.06
108.33
80.4
92.9
90.27
89.93
106.67
109.12
90.72
102.21
98.94
89.34
113.97
109.76
86.75
81.74
102.4
98.22
106.99
113.94
88.45
96.13
121.36
120.96
109.72
101.85
99.44
115.05
89.46
108.22
104.65
72.54
130.97
67.51
99.89
97.92
103.98
127.09
101.99
131.04
110.44
94.04
121.03
108.32
101.11
78.38
104.23
115.24
115.48
102.33
91.26
101.39
109.72
90.13
81.83
81.17
92.77
97.26
104.45
92.17
102.9
95.28
100.37
90.26
78.77
98.06
111.64
93.67
87.84
105.3
106.8
115.24
100.26
80.16
115.72
98.86
100.79
108.31
109.02
82.29
108.05
80.65
107.9
94.54
89.55
109.46
94.86
131.99
68.85
85.75
105.47
95.52
81.18
88.56
99.15
136.8
85.25
68.15
93.17
91.34
103.18
94.02
115.59
107.98
99.9
110.53
83.61
102.46
90.07
137.53
79.82
104.27
94.78
105.72
110.44
74.2
103.41
99.89
84.89
112
96.29
128.14
104.94
118.37
129.37
105.87
98.93
88.2
90.73
116.16
97.43
106.42
88.42
81.77
124.7
99.84
108.17
91.38
90.6
84
100.95
94.67
115.71
92.33
94.16
98.09
78.26
93.75
65.79
77.24
91.83
106.93
115.67
100.86
93.03
99.01
92.34
109.36
79.53
103.87
88.86
88.86
113.81
97.46
91.41
97.37
64.77
87.56
90.99
121.56
104.98
71.68
105.22
130.38
96.71
99.09
94.06
117.39
109.32
94
104.59
76.47
106.5
90.92
151.22
101.46
107.84
115.01
108.04
98.49
95.53
103.65
90.91
98.66
98.96
91.82
90.6
97.9
128.44
97.42
115.97
93.71
79.16
99.18
100.72
96.52
104.27
99.58
99.07
106.59
134.36
133.5
116.1
67.15
92.7
98.74
100.63
75.5
114.35
100.67
96.93
131.1
82.05
94.27
146.43
89.79
59.69
96.01
109.45
104.08
93.88
107.69
98.98
93.5
121.38
89.17
105.89
116.38
96.56
78.79
118.98
61.08
106.29
97.27
78.2
106.04
86.41
98.91
83.8
106.77
109.58
95.08
102.46
97.85
100.83
105.17
96.44
109.48
99.67
106.6
98.7
118.17
93.1
71.98
87.26
117.24
82.66
76.16
120.39
99.61
119.66
103.46
89.24
105.27
134.09
98
83.73
86.42
76.69
86.83
77.43
90.64
105.31
99.9
98.55
92.64
92.47
86.44
91.72
80.8
100.28
96.39
114.29
95.8
97.93
102.39
99.13
80.07
101.62
93.41
94.37
89.42
76.46
89.75
96.22
102.25
97.51
105.49
90
110.3
93.24
95
105.39
116.37
94.15
95.45
98.69
92.73
132.71
84.42
85.96
110.78
77.96
69.95
79.95
83.1
105.02
95.75
100.51
97.61
100.99
80.98
75.73
96.25
87.69
102.05
95.07
93.7
90.04
93.05
101.86
120.01
93.6
83.43
95.97
86.8
81.15
92.78
98.19
87.34
70.89
97.56
112.73
119.76
94.06
84.54
88.18
85.5
107.2
89.03
109.49
115.14
114.89
102.33
107.95
107.4
100.52
111.47
97.54
119.46
109.62
96.09
96.28
124.69
97.25
114.58
115.83
99.06
117.26
93.68
111.14
88.51
100.5
105.34
96.83
93.71
87.59
71.63
89.24
98.94
98.9
90.9
92.47
89.45
105.72
80
105.66
90.12
109.48
80.66
90.01
81.61
131.99
73.52
149.99
105.23
93.45
78.79
106.77
105.7
90.44
71.96
118.99
81.24
103.02
110.42
106.49
107.8
103.86
114.89
110.63
112.97
92.81
110.89
115.89
102.46
95.69
123.25
75.07
102.34
98.08
73.4
106.79
91.67
104.38
96.44
87.01
109.6
102.7
91.59
93.3
89.51
105.71
109.93
100.97
89.23
129.87
94.16
140.36
107.56
103.04
91.06
92.64
112.19
112.16
78.09
91.03
102.71
97.05
86.97
96.26
100.92
106.07
90.01
111.19
80.04
88.61
103.13
72.27
96.38
100.41
96.05
101.94
101.12
88.53
116.48
91.5
96.33
104.89
101.36
92.01
105.37
114.88
101.18
97.23
109.19
101.6
95.34
101.36
111.11
83.89
115.6
89.86
103.74
92.89
119.9
119.4
138.92
100.84
71.97
113.67
113.53
97.41
112.2
91.22
118.83
105.45
115.3
120.47
95.28
129.82
86.23
70.96
109.53
85.79
125.01
118
100.45
95.4
89.05
98.14
92.92
89.61
71.76
119.47
105.76
79.15
92.5
98.97
102.1
91.01
104.18
111.71
100.48
109.92
106.5
86.6
117.15
122.69
88.41
111.33
118.75
101.44
102
121.39
87.64
120.49
114.48
116.12
100.07
123.33
91.36
89.91
78.31
94.92
95.36
96.7
100.06
78.94
106.27
109.71
104.78
115.25
103.84
92.91
97.13
95.83
104.73
88.42
104.13
80.7
120.36
99.17
113.85
83.77
95.24
95.05
88.26
99.52
95.67
111.88
123.66
117.87
92.63
98.36
89.03
113.51
125.33
108.03
89.66
118.67
76.55
105.24
66.86
85.18
110.36
102.69
95.18
96.99
113.19
104.45
87.77
78.69
69.02
99.63
98.91
92.86
107.82
119.66
104.68
99.55
118.79
95.69
100.65
109.39
103.39
100.66
84.99
106.13
100.26
118.5
87.31
83.2
102.13
101.11
99.91
85.36
99.73
85.17
90.59
91.55
92.27
111.16
107.4
78.66
101.98
86.07
108.44
94.57
129.38
102.68
114.9
106.91
107.53
119.02
99.21
114.6
101.83
79.7
117.07
91.93
116.47
102.53
99.91
165.83
68.93
131.35
107.67
83.71
84.62
99.93
90.77
111.23
95.87
91.73
75.18
79.89
66.65
116.2
99.2
91.02
99.39
81.17
91.73
87.05
94.77
98.83
123.33
94.02
117.03
77.63
101.3
87.54
82.25
98.27
110.57
105.66
100.45
103.45
107.41
112.66
96.26
102.78
91.07
116.36
90.96
96.28
98.64
101.82
96.75
109.36
93.72
137.06
107.94
109.14
115.07
98.15
66.78
58.99
91.79
88.11
109.29
109.26
96.2
107.88
94.64
106.81
64.18
98.45
108.1
82.93
100.81
89.86
92.28
115.51
82.99
97.31
79.93
113.19
119.16
103.74
108.15
118.3
113.11
99.12
107.48
107.27
118.86
97.58
121.2
110.21
108.22
114.99
110.95
105
93.72
95.1
115.71
83.36
98.13
79.18
113.09
121.78
125.88
109.9
102.15
99.9
95.7
79.37
100.88
118.81
113.24
114.12
90.59
97.62
85.24
96.9
91.91
96.93
91.41
93.97
99.07
121.2
104.36
94.3
97.55
99.19
87.75
116.15
104.49
110.74
109.64
97.07
84.67
116.94
87.49
89.57
83.07
116.33
96.3
99.51
109.15
85.79
104.7
107.36
87.12
100.82
99.5
95.99
133.49
88.52
86.48
106.72
104.62
101.07
97.88
96.63
98.9
73.83
98.11
90.46
97.58
81.56
84.1
103.47
107.73
121.78
66.59
116.12
84.51
117.22
83.11
89.29
95.24
98.99
111.38
108.6
105.97
80.76
94.01
92.17
89.92
68.29
93.98
77.56
101.88
107.73
82.91
69.95
105.58
92.56
106.13
121.53
88.11
122.23
81.47
92.27
102.3
96.2
126.85
108.58
93.81
96.61
109.14
113.84
98.67
80.37
93.64
112.04
114.18
99.24
94.35
85.51
94.81
86.68
75.74
98.32
77.55
94.35
127.33
100.87
92.89
83.2
92.49
91.11
96.85
88.85
81.07
86.46
90.64
92.2
93.52
98.68
100.77
100.02
77.72
111.2
115.84
98.15
98.2
99.22
94.67
104.55
112.49
100.33
91.55
113.03
98.25
95.76
107.36
110.47
95.94
82.28
96.75
106.64
106.47
101.96
73.65
134.9
82.1
88.4
95.16
76.65
71.9
94.85
138.44
89.75
77.23
77.9
77.08
90.29
106.14
108.66
114.76
112.32
111.39
102.47
142.87
93.08
86.01
107.19
112.23
123.04
94.98
85.33
76.26
107.93
129.55
118.16
106.25
85.05
79.3
108.66
95
97.55
97.58
97
97.59
95.68
85.19
80.23
104.68
78.69
102.79
109.63
96.47
111.14
103.59
91.83
120.81
100.44
95.32
93.42
101.98
121.28
122.65
91.32
70.29
96.55
87.5
105.46
99.19
111.92
113.17
80.8
127.56
119.32
141.46
83.43
103.64
92.31
100.03
66.58
97.77
84.26
81.51
95.72
101.31
97.11
89.31
114.27
117.75
79.3
96.7
101.87
86.91
116.2
96.05
100.46
79.84
116.28
100.05
122.81
104.35
82.61
103.49
111.88
104.86
95.74
88.73
96.46
81.41
89.73
91.45
83.42
106.29
93.78
116.16
98.73
94.85
94.96
104.95
84.98
124.41
102.6
106.38
95.56
100.92
88.23
107.17
88.07
99.7
98.11
113.17
113.67
79.95
96.48
108.8
106.69
95.19
85.44
100.17
106.42
94.31
79.41
112.85
114.31
106.55
78.31
117.07
99.96
113.99
67.96
110.77
104.98
111.59
72.53
103.38
85.12
83.9
91.16
96.68
99.36
105.84
66.86
100.3
108.28
94.29
114.8
88.27
104.22
91.1
101.37
120.38
111.73
91.18
92.18
98.48
101.02
86.07
92.17
113.88
99.51
81.2
100.7
104.65
101.33
95.44
87.44
97.64
90.87
83.77
95.62
110.89
103.39
99.54
96.78
105.43
108.22
91.04
89.76
96.93
97.13
107.22
109.33
85.35
99.32
98.57
103.2
82.22
81.67
86.13
106.73
110.21
89.32
82.13
98.39
105.62
82.06
107.64
88.23
98.69
86.63
97.28
107.88
107.3
96.33
105
79.63
81.69
100.29
105.74
106.93
93
73.15
111.43
98.48
109.93
92.59
112.93
97.75
84.07
101.11
97.43
101.15
86.05
101.59
83.15
89.34
98.89
82.14
114.68
97.33
113.81
106.56
100.19
90.52
92.35
93.71
92.9
76.08
70.19
70.03
80.2
112.16
99.13
89.06
111.71
103.5
103.2
81.11
71.47
133.6
105.65
94.49
104.14
96.26
108.86
105.81
97.77
93.7
91.18
105.61
73.75
86.7
105.05
100.52
104.81
96.11
109.88
74.41
84.48
133.48
83.34
109.8
99.17
96.01
104.85
94.27
102.65
99.73
76.26
129.09
91.81
116.01
85.98
96.76
90.68
101.17
90.67
103.67
103.39
107.73
106.03
91.07
102.95
115.15
96.08
87.9
73.87
82.04
94.95
103.55
84.88
102.49
92.74
110.7
89.04
88.94
121.74
135.34
85.02
89.13
103.84
90.65
107.63
95.91
107.69
95.1
90
107.07
97.09
98.9
109.28
95.62
105.48
116.79
116.45
103.8
100.54
87.2
111.07
98.98
98.47
95.78
87.84
90.01
109.87
98.43
106.04
113.38
99.98
91.7
142.89
102.17
106.12
88.34
127.77
87.32
136.23
119.52
103.98
124.78
104.37
89.4
99.14
104.99
98.81
97.2
99.07
115
101.65
78.79
69.09
85.41
106.21
98.4
86.86
87.51
97.79
105.92
130.85
93.29
116.92
95.84
111.18
82.5
107.22
119.76
110.43
87.3
124.78
84.77
91.57
119.36
105.67
96.25
106.22
77.81
99.35
111.81
116.06
94.2
92.04
77.76
95.14
90.76
79.48
122.98
87.6
91.92
131.51
89.17
105.21
78.17
105.3
101.92
91.15
87.72
114.57
76.15
99.29
83.1
108.06
133.14
77.52
96.22
93.76
85.84
108.58
98.83
91.45
106.72
119.09
114.96
98.53
79.82
89.2
72.74
88.78
82.79
90.05
89.65
84.42
102.33
113.92
96.63
97.61
66.99
85.18
81.89
85.33
108.34
114.79
113.77
89.19
113.84
97.09
114.71
110.42
96.94
88.11
72.63
100.82
91.63
97.97
132.97
96.22
117.6
79.23
118.34
111.85
93.2
91.52
83.07
123.55
110.85
105.39
80.76
100.53
91.07
95.4
116.55
81.55
106.52
111.34
98.36
108.67
100.92
101.44
93
88.73
115.65
82
95.87
109.32
99.78
95.9
97.59
110.85
77.71
105.24
78.22
116.25
88.39
83.1
83.82
93.24
94.72
81.2
96.21
92.64
103.61
96
112.64
90.13
87.4
107.18
90.99
99.41
118.45
106.46
81.48
103.12
115.16
108.21
97.3
99.73
98.15
103.18
91.31
100.83
87.49
102.44
98.98
90.94
109.43
81.77
96.55
107.98
106.24
115.35
106.23
104.26
100.29
106.94
97.02
95.63
97.32
106.01
105.95
101.88
84.07
90.66
91.17
94.35
73.36
88.39
119.74
107.27
90.74
88.61
85.13
99
118.53
93.96
95.96
81.04
88.48
93.79
100.55
109.98
98.04
93.41
102.49
84.94
84.24
105.83
96.48
84.61
88
105.4
83.01
77.74
115.67
110.16
111.93
80.19
68.45
95.04
72.18
110.27
106.69
93.91
108.52
108.57
120.74
83.4
109.33
99.49
102.31
126.34
83.56
104.64
114.08
104.41
107.88
103.92
72.49
108.65
73.11
120.61
81.7
93.15
100.11
113.61
86.14
118.09
82.77
105.99
76.71
84.58
99.87
91.36
134.86
95.02
88.56
112.99
90.23
121.18
118.76
100.11
107.32
100.55
103.85
78.8
106.7
94.62
80.73
93.25
114.6
105.75
96.52
94.2
94.65
114.94
96.86
121.27
107.87
84.31
78.15
102.6
101.01
121.52
98.67
96.36
111.61
79.47
105.69
113.3
114.48
106.65
77.01
88.32
81.65
72.49
95.51
96.56
86.02
94.95
117.9
86.73
126.04
80.71
98.56
114.18
91.81
79.67
85.02
93.06
80.53
95.42
84.63
104.6
80.09
102.96
101.1
88.12
100.21
87.17
89.94
94.35
125.96
106.52
98.42
107.96
105.2
117.52
70.64
71.37
102.59
118.6
98.28
106.77
72.89
100.86
104
97.87
101.75
67.32
112.52
88.2
138.78
87.55
90.25
101.29
128.4
97.52
106.56
82.6
99.79
103.13
99.06
118.37
117.34
92.57
98.49
89.83
82.47
113.16
98.84
91.49
103.59
101.95
104.54
88.59
82.3
84.55
85.04
97.03
104.92
91.09
91.72
108.21
103.65
76.53
91.44
108.44
83.48
108.72
83.16
101.47
109.04
77.07
101.96
92.14
98.23
86.31
78.27
112.31
106.45
93.72
104.86
87.25
105.59
100.28
102.31
91.65
86.35
90.63
118.1
102.79
121
100.55
75.83
107.23
139.82
78.16
119.76
127.02
120.62
105.55
116.29
90.88
79.83
92.67
93.14
94.43
94.08
70.33
77.9
95.01
80.74
97.64
94.94
102.51
94.66
88.01
95.89
85.46
101.09
109.29
83.7
74.58
88.06
97.25
97.8
88.29
100.16
95.22
115.85
126.17
102.04
101
102.08
96.56
114.98
106.92
108.96
107.88
117.22
95.12
92.75
118.03
97.67
112.81
120.76
83.48
88.37
93.29
117.51
97.87
94.54
100.76
84.42
90.03
85.93
118.55
93.85
118.72
85.28
88.61
93.15
98.46
116.77
95.11
94.39
92.3
104.62
103.4
82.19
99.03
82.31
102.73
130.65
82.95
102.83
82.34
103.87
94.94
88.42
100.72
120.83
78.74
93.44
93.34
141.38
132.8
121.47
98.41
94.54
111.19
114.8
87.62
96.16
85.28
89.84
103.37
73.25
106.86
112.52
117.97
85.61
118.2
101.31
94.03
106.38
99.49
87.93
84.23
86.26
125.2
100.63
80.73
108.92
97.27
94.68
91.97
116.4
90.6
80.5
72.1
96.89
76.44
99.2
106.44
148.47
111.83
116.03
71.77
74.4
96.89
73.33
87.05
162.66
130.08
93.22
88.17
91.78
89.53
112.47
107.24
73.86
100.5
83.36
115.35
98.71
109.47
95.62
102.37
107.24
96.7
123.84
87.26
94.43
90.24
109.29
102.37
108.61
111.9
98.03
92.23
128.51
107.42
84.99
104.43
76.71
69.36
100.45
104.39
112.2
106.09
95.64
115.81
97.3
122.58
91.11
78.48
79.05
111.72
103.78
94.38
120.78
87.08
94.01
94.96
85.05
145.64
88.32
89.01
98.58
114.32
121.88
70.38
77.43
101.33
99.56
84.9
83.62
75.37
81.6
112.93
103.07
77.48
87.18
108.89
65.74
87.49
80.92
88.81
117.31
115.58
72.82
128.5
115.55
117.34
91.83
101.63
106.45
83.52
117.7
107.44
101.99
96.22
97.17
87.61
122.33
113.16
88.73
93.19
92.74
77.68
86.37
76.05
98.46
90.9
91.19
123.1
97.17
83.21
117.56
99.26
95.16
94.19
113.1
106.97
103.24
86.23
89.73
114.07
87.35
114.37
83.36
85.17
93.39
89.91
89.46
120.25
110.91
87.94
111.21
106.39
96.99
99.12
108.71
105.52
90.07
83.25
118.5
105.99
98.5
100.7
100.28
94.87
88.56
95.35
92.22
86.09
98.38
101.73
86.9
106.29
100.65
129.42
99.49
77.74
91.06
96.97
78.42
115.96
77.12
93.92
79.06
105.73
109.29
95.95
85.38
90.32
110.79
84.03
87.55
98.33
111.59
101.64
90.54
88.71
105.33
98.14
141.93
129.97
105.8
74.01
106.61
90.34
113.49
81.3
109.26
76.35
104.53
116.22
79.82
113.18
95.48
91.03
109.72
101.55
106.38
74.93
117.98
119.12
101.36
84.07
108
85.45
108.46
83.14
76.51
115.04
88.41
103.68
136.46
116.95
93.77
104.51
90.03
93.01
81.43
108.31
103.57
98.35
117.1
101.51
96.61
103.07
132.88
98.53
105.15
119.64
116.94
99.73
87.61
104.31
111.09
124.94
106.52
107.51
97.3
104.14
101.34
85.14
118.84
103.54
114.9
112.08
117.49
98.49
98.4
122.11
78.83
97.48
99.64
100.93
104.64
87.21
123.85
105.74
97.87
98.11
86.29
85.74
104.07
110.59
108.37
104.99
94.43
110.39
92.35
80.19
100.1
94.7
86.84
115.59
112.29
92.29
87.64
76.39
110.83
126.87
108.82
87.53
118.56
88.44
75.26
84.16
102.65
98.18
100.95
97.66
84.18
81.18
120.07
95.09
93.44
94.11
138.67
136.58
95.77
70.14
97.57
99.6
81.36
106.16
94.89
84.98
119.25
112.66
92.02
116.25
91.65
102.13
79.27
90.71
102.46
95.3
109.19
97.96
111.06
77.27
102.95
90.18
93.62
122.75
98.93
113.72
108.03
97.79
91.28
103.9
120.06
108.43
87.24
121
108.5
93.62
123.22
101.11
98.17
74.95
144.16
132.89
114.66
93.23
92.37
100.14
97.44
89.98
108.79
103.78
106.68
117.33
80.15
120.06
117.52
100.54
120.56
107.49
88.81
80.16
100.4
92.49
85.14
93.73
100.53
93.37
108.05
89.58
108.18
88.22
110.74
116.95
109.55
80.05
92.48
110.89
87.94
82.07
91.85
105.35
86.71
107.31
128.55
82.59
111.52
87.21
125.23
97.11
100.21
83.06
85.55
101.09
85.64
117.25
72.46
87.78
112.11
92.79
80.94
111.21
98.31
94.27
100.48
86.49
101.56
105.22
97.59
115.69
77.87
79.29
129.16
103.4
68.12
90.04
108.58
104.67
101.38
86.93
118.3
91.61
104.9
109.87
105.46
130.33
110.59
123.3
91.97
109.47
127.24
96.47
88.46
117.93
102.63
96.37
112.77
98.62
81.51
109.35
92.95
97.33
98.14
88.87
120.74
106.39
117.09
111.16
87.96
89.64
111.63
88.34
98.69
106.02
95.39
96.46
125.31
93.89
93.99
100.29
92.67
115.01
84.46
123.98
76.95
99.71
122.79
116.57
107.31
100.54
104.52
91.77
74.68
104.91
98.75
93.36
105.94
116.66
90.11
82.03
79.69
112.02
80.33
102.3
102.22
97.05
103.42
100.06
87.51
93.57
97.24
99.43
97.19
97.72
89.44
92.74
101.85
116.12
105.72
103.21
93.91
107.42
79.97
110.08
82.86
84.17
83.26
96.56
92.53
97.27
68.22
81.56
117.43
83.79
107.82
90.28
125.43
98.16
78.82
94.26
77.69
85.3
77.06
94.55
96.97
75.39
129.85
75.95
90.82
71.62
111.41
111.46
109.8
87.36
113.81
101.91
77.02
106.74
90.69
102.89
120.29
91.23
118.06
91.25
101.31
113.99
82.53
100.32
100.32
90.69
93.5
96.01
90.21
90.07
81.37
86.88
104.62
104.65
101.39
118.73
97.84
128.1
78.04
80.25
110.61
90.03
96.01
105.46
108.8
94.62
86.9
112.85
90.11
101.14
81.1
91.52
109.8
77.69
73.28
104.72
86.82
94.07
91.99
118.46
134.22
105.02
95.75
130.68
116.23
98.4
117.69
102.31
78.02
90.51
93.06
86.86
84.08
123.68
87.44
98.41
98.26
102.98
132.9
80.02
103.78
114.73
103.27
85.43
92
82.86
101.31
89.38
105.04
90.53
102.78
71.75
91.52
81.1
100.8
119.09
97.76
113.63
94.33
105.97
96.43
102.73
85.17
95.73
109.72
100.96
122.86
85.64
98.78
93.42
87.27
111.11
97.57
70.35
118.87
112.29
90.63
104.8
86.44
116.68
102.06
95.02
96.42
98.94
109.79
106.92
86.48
96.03
107.12
83.19
112.96
97.61
100.49
78.24
97.92
94.46
97.93
87.36
83.1
114.83
78.74
86.6
90.03
104.99
110.57
83.03
94.91
99.69
79.27
124.97
81.85
128.79
75.49
91.49
110.25
89
105.48
81.45
90.3
109.83
86.19
104.08
105.26
122.15
103.31
115.56
107.53
112.59
95.02
88.13
94.9
104.86
96.63
87.42
101.7
83.4
72.06
101.61
96.25
68.24
95.12
95.53
123.41
94.23
105.23
95
112
99.96
119.75
78.29
100.45
104.32
81.63
83.14
72.16
99.72
106.37
97.58
125.74
106.11
104.24
113.92
101.28
101.31
117.45
75.4
108.33
96.61
102.82
71.48
108.19
74.59
121.56
96.28
100.45
100.7
82.14
93.3
136.99
97.57
112.64
85.26
97.15
114.64
95.9
85.23
92.52
88.05
109.65
96.73
102.09
110.11
102.99
113.75
102.48
106.68
80.3
99.27
88.83
117.94
114.38
93.32
100.73
96.13
105.12
72.75
74.73
87.35
81.26
104.89
112.88
95.54
96.98
127.96
146.26
100.9
90.05
97.07
87.75
104.33
112.1
86.57
104.68
96.54
92.52
127
90.93
84.86
99.35
114.01
99.74
105.65
69.12
97.03
86.21
107.82
101.77
95.36
107.67
102.74
88.27
89.86
78.46
90.02
110.52
86.6
85.13
84.43
97.07
104.7
91.84
125.34
101.9
81.83
105.36
100.87
88.63
83.48
111.5
127.36
97.7
84.51
108.84
104.65
94.17
97.41
115.34
92
92.21
97.6
88.91
96.58
101.11
84.22
92.69
125.43
79.45
99.52
111.22
111.57
99.19
109.86
104.9
105.61
100.39
93.98
113.67
97.63
105.95
122.45
81.92
105.28
88.77
122.87
94.3
101.19
107.69
107.45
103.45
70.2
105.97
68.88
95.29
79.75
99.2
95.92
107.67
91.43
135.72
108.24
94.34
109.54
114.41
97.19
105.43
111.81
105.66
101.28
100.31
100.82
89.74
79.01
83.2
79.1
96.28
83.46
99.04
91.62
117.92
105.28
88.09
73.4
79.48
113.93
80.47
118.92
122.9
107.57
74.87
90.74
86.79
82.25
88.28
87.53
105.27
84.38
114.78
112.95
77.76
74.13
106.78
119
76.99
90.96
113.69
92.41
100.37
93.33
102.82
97.33
115.06
71.28
91.21
113.68
125.11
100.36
96.76
92.02
128.59
86.57
101.39
87.8
97.44
79.85
101.11
99.83
101.2
87.95
104.88
111.66
93.59
102.75
125.84
70.07
107.84
110.15
85.27
87.96
92.25
99.71
114.04
119.08
94.9
112.08
99.71
85.07
80.1
101.56
91.96
104.37
109.09
118.31
90.61
115.68
103.39
97.47
99.87
78.61
109.93
88.72
114.22
95.02
86.31
107.86
116.16
103.54
96.4
94.75
75.09
110.05
106.43
103.39
74.11
97.94
99.03
93.67
87.05
85.62
80.67
108.32
80.95
86.67
108.44
99.89
105.48
81.83
89.62
98.33
114.26
99.59
92.69
109.15
77.06
86.15
100.89
93.89
114.2
89.03
110
123.09
97.28
75.14
76.1
103.65
101.57
105.68
131.34
91.1
105.05
96.91
87.25
96.45
116.78
94.72
102.82
114.82
106.22
89.26
93.72
98.09
85.87
107.4
123.78
74.74
126.21
119.02
89.94
120.15
144.9
96.52
102.33
108.5
82.84
97.26
79.99
105.22
80.59
88.82
118.08
101
87.89
108.24
94.58
121.38
82.3
111.73
81.47
91.99
110.23
116.9
79.22
99.17
106.74
105.7
118.39
113.56
107.76
95.42
112.5
116.62
90.05
108.17
117.17
108.91
90.28
105.22
75.67
82.38
118.81
118.91
101.7
129.17
103.68
125.54
83.88
113.07
118.42
94.76
119.22
85.43
100.04
109.56
90.92
122.42
123.24
93.57
94.29
78.42
80.23
76.83
88.76
96.95
81.43
109.63
96.24
77.2
85.74
108.27
97.3
99.91
109.58
78.83
97.28
84.77
104.7
109.62
101.4
103.26
80.58
102.21
117.73
88.3
87.24
124.62
96.4
90.89
103.51
75.29
75.45
98.42
122.97
96.62
116.54
90.99
96.6
85.6
106.19
97.61
99.87
89.45
80.05
86.38
78.96
95.21
98.94
88.2
101.87
87.31
81.44
81.41
82.53
83.2
76.39
108.37
110.84
94.45
97.73
129.94
125.44
97.25
93.44
96.13
104.68
77.62
92.27
84.03
71.55
119.46
105.16
107.1
84.5
101.23
88.99
90.26
105.64
88.06
96.24
86.53
90.62
82.7
91
90.98
88.36
94.8
84.81
84.42
99.03
122.37
102.57
89.18
93.27
94.8
90.82
92.25
106.42
97.13
135.29
86.41
93.67
65.8
97.03
94.84
83.74
109.26
67.71
91.87
85.24
99.98
91.87
105.25
88.67
126.18
97.63
104.89
108.48
134.83
112.7
80.63
86.13
91.39
84.31
87.21
126.2
124.65
102.79
95.37
69.92
104.88
104.23
85.54
91.18
98.52
116.55
104.94
126.24
101.56
84.41
111.87
108.9
89.74
90.6
83.51
91.2
112.31
95.58
107.58
111.96
105.02
99.55
108.66
98.8
94.2
101.73
116.19
122.27
97.36
111.94
111.59
95.83
95.4
74.47
86.34
83.67
100.79
102.28
98.34
80.23
82.05
88.15
98.05
108.54
70.6
78.52
109.67
93.15
104.57
120.66
96.96
123.16
109.58
86.97
117.51
92.32
85
122.22
103.5
90.52
105.81
116.69
88.25
92.09
127.26
73.06
88.28
89.17
111.87
105.57
108.86
109.98
96.3
95.2
94.89
82.86
83.46
94.02
106.06
96.09
108.25
79.57
97.13
106.8
93.26
72.45
106.48
106.12
97.66
94.49
95.65
97.68
87.1
88.77
98.61
118.44
86.15
108.32
103.57
103.63
91.7
102.62
111.2
96.49
92.78
110.98
92.77
112.24
87.37
105.45
109.49
86.92
85.41
75.47
82.94
98.52
88.03
117.46
89.28
99.91
112.33
93.98
86.31
92.9
93.22
77.78
128.27
89.77
100.92
78.21
111.09
105.2
100.98
83.19
104.02
123.23
94.09
98.47
99.57
96.33
70.98
89.6
96.81
94.85
111.76
75.54
99.73
135.21
97.13
105.06
125.95
107.14
106.33
119.49
104.72
79.14
95.76
103.23
85.43
95.54
87.3
63.6
94.8
88.34
105.76
85.41
90.85
102.74
93.29
79.34
105.75
89.39
141.08
83.38
92.43
108.84
112.03
90.79
97.91
119.62
116.82
115.99
102.1
116.71
124.11
95.48
71.97
92.29
108.95
102.55
101.03
104.63
115.67
70.63
97.23
99.87
125.53
83.77
112.72
101.98
105.31
72.32
105.92
89.04
73.2
113.65
86.67
93.03
102.53
101.23
110.49
93.8
93.95
108.15
105.71
107.29
101.91
70.54
106.52
91.45
89.17
92.51
133.64
104.76
127.81
111.35
113.96
128.94
99.74
89.4
132.29
107.73
98.25
91.6
92.92
83.69
85.49
84.74
87.75
88.42
94.66
93.2
80.29
87.25
98.23
100.48
87.84
110.26
104.04
97.7
83.86
102.49
97.6
107.71
109.02
101.03
97.93
104.94
117.57
97.94
100.72
78.27
107.36
101.36
100.93
109.42
82.42
112.55
99.75
123.7
92.48
108.69
106.02
76.43
89.65
86.3
68.1
88.44
97.7
107.23
79.33
98.85
100.29
85.96
101.72
94.56
89.83
95.7
85.16
95.37
112.79
96.22
89.05
98.52
82.58
90.86
92.62
90.16
106.3
99.48
75.78
95.92
80.08
79.65
104.83
113.23
116.2
106.37
116.25
105.23
80.63
96.45
80.14
117.16
95.42
123.22
86.9
121.92
115.07
92.74
91.81
90.38
99.49
88.98
76.48
87.6
93.69
103.99
114.39
82.29
80.73
87.04
93.74
79.76
117.77
106.58
67.53
111.42
85.72
96.69
98.02
95.02
125.83
124.78
99.42
90.86
128.49
105.51
94.25
95.17
91.89
98.51
94.65
101.55
84.48
102.46
110.29
149.41
102.27
87.61
78.47
94.78
102.9
97.71
79.36
113.05
124.98
96.63
77.62
115.85
98.48
98.49
92.77
89.09
79.14
102.46
79.09
96.9
87.14
93.7
109.61
98.01
114.03
79.74
89.37
103.19
102.7
104.95
104.02
92.04
90.02
104.07
123.65
93.29
111.5
99.55
79.47
94.05
106.74
145.98
96.72
125.32
120.61
76.17
119.98
101.91
87.99
112.14
97.44
68
106.88
95.8
91.86
77.21
94.47
93.62
97.88
104.54
108.7
93.01
107.18
108.08
110.31
116.08
100.38
81.01
101.05
98.02
106.13
111.85
111.7
118.19
94.62
107.17
79.65
85.98
97.99
103.68
88.99
106.34
78.87
74.56
106.26
107.64
100.52
113.93
101.78
108.83
110.71
118.51
109.02
107.4
103.28
100.3
94.2
113.38
87.97
90.95
104.09
94.57
98.67
129.22
92.37
109.16
99.61
89.72
99.12
87.84
98.01
96.5
91.78
99.07
93.05
67.14
74.93
119.41
124.43
89.41
103.6
116.97
96.36
123.96
86.72
95.32
89.18
100.3
98.25
100.12
110.08
80.3
82.2
110.81
80.9
86.03
88.5
99.47
80.81
96.58
89.67
126.33
111.07
72.81
86.23
79.94
123.17
113.75
97.29
107.31
124.85
113.27
120.24
99.45
92.68
107.44
100.05
90.67
85.78
97.4
119.43
86.13
125.58
119.36
87.07
84.96
115.13
95.56
97.81
95.71
80.36
97.94
93.27
90.03
103.99
98.55
95.68
108.9
118.28
71.22
105.01
100.22
99.63
68.01
99.87
90.16
121.44
81.66
90.09
84.94
105.92
92.99
87.24
112.11
97.5
104.88
94.01
96.72
97.19
102.31
100.66
63.33
88.25
105.12
89.98
101.46
91.38
91.77
107.72
92.58
121
108.74
129.77
89.44
122.44
133.07
92.89
104.77
105.42
105.47
111.39
121.89
121.87
83.75
85.51
64.63
102.42
98.66
91.79
80.77
103.71
80.91
89.43
90.41
96.89
79.89
77.08
124.61
113.18
103.38
107.61
88.94
113.49
127.3
98.8
98.92
100.21
110.57
94.69
83.78
87.8
117.41
108.34
99.46
90.51
96.75
82.32
91.35
92.38
114.3
90.77
101.31
96.21
70.52
127.24
89.63
108.64
111.23
91.41
112.92
118.85
95.99
99.65
92.23
99.86
108.7
116.98
96.36
109.09
95.39
88.45
85.44
102.77
99.65
92.5
92.57
91.63
112.34
95.43
75.87
99.22
83.76
104.38
107.82
95.4
98.47
89.7
114.39
100.75
88.21
97.85
105.62
99.64
106.47
105.19
93.79
86.6
129.3
99.71
82.71
116.74
127.67
77.1
70.31
95.7
108.27
105.25
101.89
109.97
96.74
105.56
78.1
90.74
108.49
110.72
102.1
83.16
110.27
88.85
101.38
86.51
98.58
110.22
86.03
93.28
102.75
92.78
95.51
101.96
84.17
93.46
83.75
78.64
84.17
93.44
87.23
117.56
95.98
90.63
98.58
94.75
113.19
96.03
93.08
90.89
95.34
86.87
89.19
73.66
95.82
85.21
88
107.07
109.44
94.73
109.34
94.2
82.12
97.05
90.81
103.41
86.82
96.71
94.09
78.11
93.46
68.23
92.51
105.48
92.01
102.53
90.44
93.66
117.07
101.81
109.86
111.23
122.93
102.75
90.9
75.53
98.63
98.66
90.17
108.33
99.48
90.55
97.07
111
93.99
99.82
92.75
93.11
91.51
108.23
97.5
81.91
77.83
105.93
111.82
104.85
103.51
77.36
112.03
90.46
83.01
78.24
79.74
82.31
118.53
95.31
88.61
93.3
102.25
90.6
96.63
88.87
80.71
99.71
110.42
102.21
84.54
76.81
90.5
96.91
94.94
78.39
101.88
84.21
108.71
103.03
122.07
92.65
105.23
111.31
91.79
105.25
94.58
77.68
76.21
83.34
107.99
87.5
104.52
93
128.03
112.09
100.44
101.04
80.28
76.52
80.09
88.47
85.77
106.02
75.93
129.45
116.16
99.26
81.44
108.81
106.23
90
121.6
123.87
75.6
76.26
73.68
120.72
101.33
91.44
116.71
83
86.59
94.27
80.67
76.14
100.84
74.74
77
81.42
104.99
111.74
84.52
108.55
88.27
91.31
120.62
108.22
94.27
77.93
101.67
99.08
80.74
94.81
99.55
88.96
89.13
117.17
93.85
102.19
105.71
100.04
116.35
101.43
131.97
103.64
128.02
113.7
110.51
107.68
106.37
103.99
108.26
112.58
80.6
87.99
78.92
108.43
98.39
92.87
96.77
93.62
85.59
93.44
103.46
80.59
97.83
83.42
92.67
95.74
98.01
87.68
102.26
104.12
90.97
99.03
106.89
102.22
88.44
110.93
91.25
111.91
105.05
117.78
81.78
86.2
77.48
85.49
110.95
105.12
98.71
109.11
104.09
113.49
102.33
87.21
98.82
101.8
105.58
110.2
98.34
120.08
105.8
73.87
92.76
106.27
99.46
100.2
116.8
122.74
89.75
106.57
100.44
91.46
100.49
91.51
96.99
113.62
95.53
99.47
88.39
79.31
66.81
97.04
107.46
107.65
106.8
81.48
91.4
90.69
154.46
97.46
88.73
99.12
93.14
97.32
121.5
86.5
90.57
130.61
103.05
91.33
87.47
89.88
76.67
91.38
105.13
105.67
121.8
90.05
114.37
101.03
94.04
82.34
82.67
97.18
115.42
76.94
106.15
79.42
113.02
84.57
78.05
103.31
91.69
90.39
93.58
106.32
112.35
130.58
110.46
110.68
103.79
75.53
89.43
124.4
103.2
102.49
85.3
93.24
86.55
97.49
92.35
99.6
100.13
114.84
99.98
105.3
111.05
78.68
98.73
81.88
91.33
105.78
101.5
116.6
71.34
90.88
111.29
109.81
91.06
124.22
101.01
107.51
95.86
103.95
114.95
97.05
89.59
75.17
102.52
110.48
106.41
108.16
93.7
91.83
92.73
83.54
97.71
95.55
102.54
88.05
99.87
91.1
92.97
106.95
113.94
96.84
116.91
85.86
86.56
106.66
112.02
99.07
106.26
95.78
85.82
93.79
122.48
93.46
89.69
96.26
134.75
74.85
106.28
92.05
93.93
138.95
82.79
111.55
89.59
103.68
100.36
83.54
93.86
87.47
98.95
90.8
88.99
96.01
81.58
109.76
99.06
100.56
108
136.45
86.91
107.77
122.43
95.72
98.86
108.65
84.94
97.82
116.33
94.16
125.53
83.98
97.83
137.31
104.44
104.74
92.15
121.39
93.93
78.61
100.66
113.15
87.15
87.11
110.05
93.69
89.47
76.84
83.9
94.13
104.06
97.67
96.72
89.18
103.12
91.72
106.25
103.85
90.02
99.8
94.25
85.57
93.77
124.27
111.93
98.67
90.99
87.6
84.74
92.43
102.15
92.18
82.39
103.32
90.84
105.76
86.99
103.95
111.91
91.68
146.44
88.39
100.92
92.84
74.68
74.1
100.36
62.89
104.39
81.52
107
118.78
109.77
102.27
91.53
92.85
82.66
114.84
86.98
100.04
105.07
110.05
80.89
92.03
108.9
96.7
104.4
99.63
96.19
108.66
99.87
100.95
90.55
66.23
87.73
91.28
107.52
113.81
82.41
86.39
83.77
102.73
89.89
75.46
79.36
116.56
117.62
99.16
104.71
118.39
83.09
92.29
107.61
80
120.22
108.13
123.4
84.38
101.74
96.73
102
125.99
92.63
85.19
108.02
90.15
97.23
130.21
87.71
94.74
88.18
92.99
85.86
75.82
90.8
115.21
101.28
96.08
78.71
104.39
97.08
70.19
100.96
109.5
94.7
121.91
101.38
119.16
107.74
92.44
125.69
100.99
90.39
103.9
88.39
87.11
89.63
97.95
118.53
94.47
115.5
110.66
107.52
98.56
108.13
97.88
81.66
103.27
101.23
119.89
106.05
101.24
88.71
92.68
84.81
97.5
100.1
100.06
86.98
111.86
111.65
104.89
100.62
101.38
74.12
99.37
84.66
81.7
98.64
99.77
101.45
93
111.89
79.06
98.84
79.51
106.58
90.07
104.12
121.95
108.61
74.01
114.55
115.88
112.78
112.61
76.47
93.02
97.16
84.73
87.67
82.21
97.4
100.56
103.75
73.15
91.56
102.06
101.42
89.56
109.96
95.18
101.55
117.35
89.98
90.36
93.2
81.24
116.7
91.15
83.68
90.12
91.17
117.18
94.86
92.19
87.18
98.19
113.87
100.98
103.34
93.31
117.48
79.36
107.38
107.54
103.42
91.47
83.69
108.2
98.71
105.34
97.51
97.31
81.91
84.46
97.88
81.8
78.55
102
99.78
96.65
132.48
113.55
68.58
110.98
108.99
113.2
102.48
93.46
97.27
99.76
96.17
100.75
113.89
79.77
81.8
84.34
108.22
102.49
95.92
78.98
97.31
113.4
105.67
119.07
103.42
105.74
114.84
94.93
97.24
100.16
116.13
103.65
80.67
87.99
129.05
116.89
101.59
135.5
92.8
91.55
137.53
96.42
80.15
112.24
119.2
98.79
100.96
110.45
104.03
100.72
92.85
104.31
84.85
95.41
102.34
94.51
83.16
121.17
85.27
101.17
73.69
113.4
111.2
123.2
95.55
93.45
104.18
108.85
96.27
106.13
90.89
82.69
96.13
105.11
97.95
112.63
125.83
85.06
68.71
85.3
103.04
84.56
126.76
103.2
99.99
95.84
147.16
98.02
114.93
101.46
118.54
76.82
114.48
99.8
104.41
112.59
131.58
104.52
105.72
130.03
121.05
88.82
116.22
63.15
105.6
94.55
115.43
95.82
116.53
97.45
92.74
116.96
96.96
120.37
94.12
105.09
95.17
84.29
92.64
88.08
86.53
108.27
78.93
98.3
91.76
83.36
95.68
112.41
108.83
83.7
82.52
86.8
75.73
105.01
96.06
108.57
86.5
82.1
96.57
109.76
113.87
97.99
114.53
107.22
107.69
64.78
103.89
129.6
87.68
103.76
85.57
98.6
113.98
111.96
96.2
109.04
106.72
99.06
88.9
104.89
100.07
106.31
102.59
104.27
82.01
82.77
103.11
67.39
123.51
92.21
114.97
108.84
77.94
96.76
90.16
92.13
92.17
83.56
80.33
81.97
89.76
98.61
72.85
93.71
67.35
63.35
65.1
77.98
99.57
101.09
105.43
81.17
92.23
91.94
90.28
112.08
97.52
97.64
102.26
115.97
74.18
105.87
117.01
111.88
94.59
101.71
114.86
103.81
78.15
90.17
138.58
101.51
77.93
99.96
99.88
116.33
115.22
84.1
73.16
102.78
94.99
76.02
93.02
113.17
115.03
90.09
128.81
120.2
108.89
85.38
106.49
82.32
96.46
92.64
99.21
109.54
93.96
102.57
103.41
99.89
112.35
90.99
108.17
97.52
144.38
93.54
92.18
93.29
80.87
84.43
78.49
106.15
95.09
99.73
99.61
100.29
97.06
107.37
78.64
72.3
108.79
101.19
101.62
90.08
109.02
92.67
89.27
103.59
96.53
132.43
97.74
91.06
101.18
99.86
82.63
100.4
85.08
84.79
101.04
92.97
97.22
86.87
109.92
125.81
96.99
104.27
86.87
111.13
115.54
105.51
124.12
104.22
94.74
74.87
113.45
144.52
115.79
112.8
120.22
129.26
78.49
111.26
98.98
107.74
111.37
96.19
153.96
99.73
119.03
104.69
107.53
76.01
97.7
112.28
133.04
112.67
107.95
67.84
84.49
96.48
93.5
111.87
107.59
99.25
98.71
86.89
112.18
100.61
106.25
71.29
103.72
119.37
116.79
95.01
113.75
102.67
89.82
82.41
94.88
101.95
64.08
94.55
85.03
115.5
110.91
104.28
76.38
104.54
109.03
105.79
92.84
111.29
93.19
87.19
103.28
71.11
93.94
111.92
136.86
79.72
83.91
101.24
83.57
90.13
94.43
91.06
101.57
75.22
78.36
78.75
112.39
92.75
109
98.55
107.47
99.08
84.61
74.89
113.54
100.9
88.54
85.33
100.98
86.29
94.11
86.69
102.08
90.88
91.1
105.12
119.47
93.38
98.29
82.43
77
93.25
105.36
107.29
84.62
104.72
84.62
109.61
81.99
111.03
83.11
101.87
107.38
141.1
120.33
99.57
93.52
98.26
96.11
90.45
103
104.97
99.2
130.52
94.99
110.95
90.26
89.18
75.23
125.46
114.3
99.23
88.35
121.17
123.71
99.06
111.21
81.17
91.62
87.99
78.42
106.91
119.07
75.24
96.31
90.2
125.44
96.19
82.6
81.52
107.05
106.48
93.26
138.73
96.62
103.81
114.95
80.38
97.67
106.12
67.98
91.28
92.88
97.91
109.96
98.01
97.68
99.67
110.23
86.81
95.51
119.15
129.09
96.22
90.89
87.52
86.32
112.87
85.82
115.93
96.43
87.22
116.73
98.3
93.16
80.07
123.19
108.41
95.17
67.97
102.03
92.4
103.22
110.31
74.89
81.68
109.06
126.88
99.58
91.8
85.79
93.9
82.62
105.81
92.54
119.6
105.65
88.68
77.73
95.51
97.25
120.8
89.8
92.07
119.21
107.53
99.11
106.57
95.32
91.63
104.96
93.65
71.05
90.65
81.87
114.9
90.7
129
105.19
123.54
95.35
89.46
138.08
95.67
88.8
94.32
95.15
109.23
96.24
117.74
95.71
99.72
87.75
116.91
97.18
117.51
92.46
83.29
99.49
99.56
130.18
107.13
89.33
97.85
119.7
101.11
94.32
139.27
89.97
103.19
123.08
79.97
87.03
95.68
74.85
82.39
101.8
108.82
105.85
86.02
80.24
106.95
104.78
87.17
84.51
96.32
89.51
97.59
105.33
104.34
113.82
105.28
90.63
89.35
89.29
99.71
99.25
103.85
99.45
84.62
105.12
69.6
95.56
105.2
72.13
86.28
80.47
99.61
123.07
114.82
117.97
91.42
90.8
117.07
100.96
103.45
109.27
89.8
117.14
88.07
86.1
140.03
87.83
94.35
106.03
118.8
79.96
78.4
100.5
124.09
106.44
103.23
96.97
89.31
104.77
78.36
99.17
93.37
103.4
77.32
107.44
97.29
102.37
88.29
91.3
92.69
83.13
111.63
113.74
99.79
87.6
110.51
90.71
76.87
73.05
105.2
123.8
111.92
83.49
78.89
82.33
120.73
85.88
101.25
108.14
94.35
93.78
106.23
111
92.11
89.29
108.51
90.55
95.65
87.37
109.72
83.4
110.25
99.56
91.41
84.67
97.43
110.89
102.15
93.87
81.73
85.27
85.7
106.24
112.48
113.91
116.75
92.2
95.56
89.39
94.62
104.66
92.79
94.01
83.23
91.3
95.02
93.46
72.87
92.95
100.25
94.49
124.97
73.88
103.66
97.26
104.51
112.62
79.48
117.88
92.78
77.79
111.36
113.26
79.72
116.04
123.7
74.49
111.24
87.73
106.24
80.49
86.38
104.9
98.08
107.41
89.33
86.13
131.82
102.89
124.09
122.11
102.98
101.83
99.38
107.88
97.54
104.36
85
94.36
90.73
113.56
92.96
95.96
80.06
88.52
85
89.86
92.32
82.1
87.93
108.42
119.15
123.94
80.36
107.11
93.43
97.83
87.83
91.03
106.75
102.5
108.33
68.89
79.58
91.32
91.23
116.32
102.28
105.73
119.04
91.96
90.24
97.67
111.97
66.08
92.89
100.31
94.16
87.06
91.02
121.43
93.41
121.42
82.18
118.08
110.57
96.18
104.13
130.75
100.87
121.13
77.71
93.13
91.69
118.72
81.19
120.83
99.73
78.22
98.07
93.77
113.62
84.61
95.97
112.41
81.2
72.32
119.62
110.51
119.87
103.73
92.33
83.92
98.8
84.84
83.09
109.45
105.01
115.15
111.25
76.49
127.57
95.87
114.98
121.65
95.52
78.46
97.13
106.15
80.17
99.59
102.71
81.9
110.72
70.04
78.7
85.64
104.76
89.81
91.84
85.06
103.78
90.93
96.98
114.18
113.12
95.38
107.8
114
112.64
103.92
89.01
93.91
108.34
89.05
95.42
97.55
102.94
105.81
115.44
81.04
112.37
99.91
107.74
114.34
102.36
112.02
121.65
99.58
86.97
98.81
100.72
91.02
95.36
97.18
106.55
116.61
114.08
92.82
92.65
101.26
93.99
116.63
88.18
117.78
103.94
74.75
112.59
85.21
88.4
111.79
103.38
109.19
105.71
83.88
73.29
89.53
113.07
95.63
83.43
100.91
106.6
120.89
107.37
83.37
111.93
66.78
129.88
112.43
97.7
116.01
81.96
115.11
110.48
104.94
92.84
91.53
123.9
103.89
79.03
104.53
93.67
127.77
97.29
99.08
102.84
101.95
126.84
80.54
87.47
116.51
116.37
82.12
79.34
74.67
88.04
106.8
114.83
121.67
107.25
92.32
91.61
90.23
85.06
103.12
121.73
86.32
85.1
102.69
84.86
87.65
82.87
110.41
95.99
84.39
116.79
74.01
99.81
105.87
80.61
104.98
106.06
129.02
81.22
83.57
118.7
119.51
89.05
83.61
129.33
100.95
85.01
92.21
84.68
115.01
112.63
110.85
104.08
92.79
97.66
109.41
89.39
115.15
95.64
102.87
98.55
113.42
73.29
76.38
119.97
154.78
101.01
91.69
84.39
90.18
136.83
105
108.73
86.42
92.04
83.01
80.28
87.5
87.95
130.19
95.43
101.35
73.35
111.76
78.35
98.22
88.89
98.39
89.22
105.49
93.93
94.85
95.19
86.97
112.32
106.11
87.71
75.41
109.48
99.89
85.44
93.21
93.17
85.75
116.78
90.06
77.02
94.51
95.06
76.33
98.39
105.15
94.01
120.46
84.66
90.74
90.83
108.01
118.31
95.75
98.21
96.69
115.65
77.61
90.84
106.89
101.06
96.92
98.56
70.67
80.78
106.94
86.56
98.85
83.24
92.29
94.27
88.34
99.26
99.81
110.08
90.13
104.77
92.2
73.62
101.03
82.41
131.9
95.94
62.3
111.22
97.29
77.24
90.74
114.08
90.04
89.19
109.28
90.04
90.24
118.68
91.54
97.56
95.82
87.57
99.17
82.22
116.58
92.64
83.71
105.01
94.73
94.24
105.37
100.21
83.25
120.48
87.33
89.62
71.61
99.71
105.93
112.04
102.71
77.75
96.33
95.84
116.25
110.88
98.4
80.66
110.6
102.08
105.56
83.16
88.28
86.48
107.03
110.34
123.97
101.84
64.26
110.67
85.02
90.06
96.5
96.33
131.45
96.77
134.96
110.95
109.18
113.01
89.7
113.67
91.39
84.4
96.67
112.9
88.69
113.52
107.27
87.26
93.04
84.26
84.72
108.5
95.82
100.31
85.14
95.74
79.98
87.54
92.62
99.82
78.76
115.2
98.22
109.16
86.59
86.08
140.64
98.38
83.8
93.02
110.52
137.76
127.63
105.49
114.67
78.07
101.35
102.56
97.97
134.39
90.92
72.33
88.42
79.74
88.55
87.44
115.32
87.32
98.49
90.15
154.67
93.75
117.72
84.88
114.35
108.8
97.57
107.55
126.61
92.4
87.4
76.4
79.58
94.44
66.16
114.56
123.68
109.91
83.36
83.55
98.44
106.35
103.75
104.11
119.52
100.06
107.15
85.38
113.38
116.44
77.12
97.61
106.7
105.47
101.58
98.82
112.27
80.94
98.04
113.3
81.02
107.78
71.59
90.4
115.53
68.9
93.37
85.19
107.06
104.94
115.04
100.23
111.85
115.64
71.02
93.82
85.1
96.21
96.72
124.56
95.02
110.86
98.32
109.93
89.71
89.58
106.1
66.23
96.17
91.64
100.53
100.78
121.47
104.23
99.03
84.62
96.32
96.91
85.47
101.13
96.21
124.86
105.41
88.08
99.52
109.11
97.64
121.76
94.83
89.01
90.11
103.52
79.61
104.29
89.92
99.65
111.85
84.92
92.34
89.25
93.29
86.8
95.28
110.15
105.85
76.68
89.41
87.65
102.86
105.46
81.83
75.01
104.76
91.34
115.38
90.13
101.02
104.33
112.65
101.82
83.13
117.02
84.84
102.89
110.83
99.54
116.07
98.49
97.07
86.59
104.45
99.55
105.95
105.79
98.29
87.02
74.65
82.15
92.86
96.08
94.75
112.8
111.93
93.83
83.08
83.91
86.45
105.55
111.47
81.66
108.81
102.89
114.05
88.32
93.51
78.73
101.22
110.71
112.82
108.3
108.93
116.08
84.31
83.44
88.91
111.47
113.18
125.36
83.59
122.52
99.2
96.8
96.8
92.33
95.16
99.78
84.3
97.92
88.01
106.47
86.12
88.72
106.03
105.42
75.85
77.57
76.66
108.31
99.94
118.42
104.42
104.15
83.04
84
92.47
120.81
94.06
101.27
99.33
111.4
71.43
121.08
78.8
88.4
93.73
83.93
82.04
100.83
107
125.59
104.68
107.02
103.88
92.44
90.78
96.06
92.73
87.09
96.86
110.98
107.57
107.72
100.72
129.64
84.64
95.89
94.66
118.5
91.69
125.25
74.06
90.04
103.9
77.55
120.59
87.18
132.79
103.08
81.02
89.49
97.62
107.56
91.5
89.56
107.39
99.74
75.1
98.12
116.17
88.51
102.82
120.96
71.52
84.75
126.85
97.03
92.97
99.73
97.09
89.15
110.27
91.07
83.81
98.49
97.55
93.73
122.44
115.08
120.5
113.56
89.61
108.33
113.72
94.96
94.26
89.22
101.69
87.87
102.81
100.28
115.89
79.19
109.22
86.97
99.47
99.18
76.32
82.86
104.85
106.6
84.47
94.77
94.37
109.74
89.15
85
73.6
125.57
85.5
100.46
106.75
96.31
88.22
85.09
94.88
88.82
90.37
105.17
72.91
95.6
98.09
100.38
94.36
131.28
133.03
96.9
94.41
91.07
83.5
92.7
100.67
114.02
104.55
88.28
91.84
125.94
123.27
116.11
103.44
92.63
121.3
90.9
80.41
84.88
102.54
133.82
101.94
91.8
86.01
110.15
77.31
90.71
116.99
112.96
94.14
113.74
87.33
105.15
97.74
82.58
93.71
83.48
80.55
114.04
145.31
123.19
82.93
81.93
87.17
102.84
91.94
97.95
115.06
115.13
82.36
104.64
82.73
83.42
96.59
86.93
114.44
106.37
90.05
93.55
109.65
111.87
92.79
99.93
109.49
103.22
89.26
98.25
97.89
108.55
67.84
129.75
84.83
76.16
83.79
106.8
100.36
94.38
112.68
109.04
85.12
85.63
85.58
96.2
90.36
93.67
84.22
94.07
69.97
95.38
106.16
92.82
97.14
133.61
106.25
80.85
92.28
83.03
87.86
97.26
72.81
90.01
83.57
108.57
88.04
99.48
95.56
108.23
75.03
94.1
103.69
88.16
81.8
86.91
92.51
124.61
88.29
74.46
106.85
72
142.49
113.9
79.74
80.37
97.57
107.94
120.38
114.42
89.36
84.66
130.07
93.06
87.11
80.68
116.08
96.19
101.4
91.9
93.9
74.32
154.04
103.94
87.11
103.35
98.97
88.13
75.44
78.64
84.5
91.67
87.9
111.29
95.75
93.59
86.48
82.6
96.08
97.61
89.77
124.11
100.25
88.19
115.57
75.17
92.93
109.94
110.17
111.05
89.85
101.08
100.97
127.05
115.8
82.25
100.77
89.3
92.08
78.26
86.48
124.5
140.29
93.75
104.8
92.33
113.26
83.37
120.08
95.5
85.52
112.32
100.16
98.11
95.94
94.15
88.91
92.29
105.17
116.29
121.35
66.28
96.08
97.13
97.15
99.64
90.21
82.35
115.93
116.27
102.62
102.46
79.8
122.25
88.67
116.61
73.15
73.5
83.78
83.8
83.05
129.3
100.89
113.28
81.96
117.54
89.86
92.2
74.61
106.36
101.54
104.5
102.51
110.35
88.33
96.94
95.35
96.53
98.33
79.02
107.68
104.43
101.71
85.31
127.71
102.13
117.86
96.48
107.33
95.57
89.81
110.3
102.91
80
122.17
104.74
81.9
131.38
85.91
77.45
85.11
135.11
90.37
118.75
105
93.74
113.91
102.53
127.38
99.69
80.19
86.97
107.04
99.87
101.06
90.98
67.42
85.93
91.82
95.21
97.27
103.17
97.1
95.29
80.43
85.18
84.24
71.93
101.35
95.59
78.15
94.42
97.94
114.29
114.92
94.67
76.49
95.54
83.79
89.43
84.57
116.14
98.02
106
135.85
89.26
89.38
104.85
90.27
101.9
90.07
97.43
74.2
96.65
85.93
107.5
90
106.18
96.87
93.58
86.97
99.15
93.67
93.05
122.08
91.85
94.44
96.62
59.55
94.63
108.84
88.49
116.03
98.02
109.25
81.48
85.77
89.4
102.72
78.37
96.17
81.18
78.06
94.7
87.79
82.7
101.83
102.37
108.53
99.02
111.64
106.3
100.53
88.66
81.27
112.65
109.53
69.76
141.01
108.1
92.22
91.26
109.58
88.25
89.24
90.5
104.9
111.25
90.99
111.8
97.56
117.05
96.34
96.67
112.25
121.24
100.98
145.15
117.3
99.13
94.5
94.34
100.72
96.45
104.96
95.66
115.53
96.1
100.13
101.14
101.13
82.31
123.54
97.15
96.36
98.66
115.82
82.64
110.74
105.01
113.07
75.18
110.27
103.81
97.8
98.93
103.6
122.25
98.77
64.92
116.41
114.74
119.05
94.57
95.89
86.93
104.9
107.95
102.79
90.78
96.48
123.18
124.29
95.04
91.25
98.32
84.21
127.16
84.72
96.03
112.75
97.07
74.07
100.99
96.86
83.84
78.4
76.48
93.99
139.47
112.4
105.23
85.1
96.95
106.97
104.52
96.99
113.61
131.34
93.18
78.83
89.09
84.94
120.28
84.73
83.95
106.88
83.46
97.91
108.36
104.58
93.85
105.84
73.12
79.09
85.81
118.71
83.75
69.62
111.71
92.79
113.76
99.28
117.41
79.39
83.82
95.46
91.67
98.72
98.44
106.27
79
117.66
96.13
110.32
109.18
95.74
73.41
98.83
104.69
97.04
86.13
115.22
115.39
89.71
91.95
105.75
80.41
82.65
87.58
106.31
84.66
97.48
99.43
96.19
69.97
132.17
104.04
90.63
111.32
106.63
87.83
109.02
91.55
107.4
88.93
88.23
127.03
92.7
112.4
101.27
109.21
92.95
95.93
137.2
102.64
91.61
107.35
109.93
116.15
97.87
118.77
83.76
96.2
101.81
95.38
119.48
129.35
70.85
136.24
83.31
80.14
102.2
107.42
102.3
100.14
94.41
99.03
110.67
99.92
89.76
91.67
86.97
82.25
106
92.94
74.92
77.73
81.25
105.28
101.47
118.59
108.33
99.36
117.1
74.67
99.98
104.33
82.17
70.23
118.59
96.56
93.36
77.33
113.59
99.55
98.58
121.77
94.03
94.37
78.03
97.98
75.21
113.19
102.85
98.12
133.43
75.83
96.06
80.56
118.51
97.21
115.2
103.61
86.71
100.98
104.13
110.12
92.94
87.14
96.97
110.49
95
101.88
88.2
93.93
92.13
82.82
100.14
90.63
90.25
101.6
107.8
99.51
86.9
94.59
123.75
94.29
109.46
88.73
75.14
103.87
89.34
101.12
98.43
80.36
87.38
100.49
103.31
88.13
111.34
106.54
108.59
104.53
93.39
102.26
98.3
104.77
111.82
87.49
95.77
123.81
104.17
102.61
85.1
72.27
107.66
123.37
105.96
104.25
114.44
87.61
86.82
108.81
96.18
79.77
86.5
113.91
90.18
95.53
123.94
110.02
103.81
114.14
96.64
122.27
85.69
85.1
109.57
118.25
109.27
112.29
117.21
121.02
96.07
102.06
105.17
102.62
88.19
82.63
89.49
92.4
91.55
108.63
115.54
99.43
108.09
91.49
102.72
100.91
103.02
91.22
85.68
96.57
78.06
98.69
104.3
94.64
104.14
74.63
100.92
88.1
86.15
96.76
95.93
137.42
79.77
124.22
75.85
99.48
86.84
108.71
79.09
107
83.12
88.44
84.97
105.98
85
103.87
105.66
119.47
90.85
93.82
73.15
91.88
109.45
89.94
99.04
97.07
98.7
97.1
100.92
97
126.35
112.2
86.7
82.19
85.71
95.21
108.65
94.13
83.23
97.73
113.31
96.63
117.59
84.55
88.72
102.3
97.17
90.28
70.97
118.55
111.87
113.78
129.85
78.99
103.34
100.75
111.21
77.42
89.62
116.87
98.29
80.42
93.62
92.11
97.67
98.54
97.87
109.59
128.05
101.97
96.91
111.5
96.81
87.86
99.98
93.96
76.32
102.23
85.05
126.27
106.44
81.72
74.56
64.61
114.49
89.57
123.96
105.76
120.09
98.28
83.07
112.33
119.58
112.23
96.38
99.03
87.44
112.56
79.92
114.13
94.51
110.09
109.33
98.53
101.39
98.8
86.83
115.23
94.22
92.57
108.55
105.93
81.06
101.72
93.23
123.42
118.42
81.04
91.68
96.06
109.28
109.25
106.3
99.92
99.27
125.27
100.48
124.19
108.58
97.26
84.51
86.37
88.59
120.93
82.53
71.34
95.21
86.45
98.49
99.97
102.46
80.65
112.32
118.71
94.91
109.77
114.74
101.73
109.28
88.51
110.69
108.02
124.32
93.56
108.03
118.01
70.24
90.56
94.2
85.23
85.05
108.19
100.9
115.54
107.59
94.72
137.44
101.1
116.54
106.52
85.75
112.41
80.64
99.49
110.9
86.09
100.03
83.48
112.13
120.87
96.51
104.73
132.02
91.38
88.16
77
93.88
123.61
119.66
110.06
86.45
101.2
89.31
88.54
107.29
80.4
95.44
115.89
110.44
87.82
105.34
79.32
109.33
96.58
100.76
99.23
100.91
125.43
99.8
94.12
93.06
83.53
116.03
116.47
92.67
118.41
108.1
86.63
81.89
89.12
104.17
91.35
78.95
109.43
112.1
86.74
72.48
91.91
50.27
102.34
73.7
73.56
92.2
98.02
111.1
93.94
80.82
100.2
111.69
93.34
113.84
80.46
91.46
78.11
96.03
117.69
93.6
80.84
112.12
106.41
105.33
100.86
87.34
105.12
77.63
113.91
77.35
117.49
77.69
113.51
96.62
91.2
120.94
107.21
128.87
82.85
102.89
97.59
91.15
108.12
103.95
109.89
91.87
102.41
103.19
102.66
69.53
80.86
85.57
75.27
101.44
87.31
95.05
84.91
103.42
91.82
97.07
109.77
98.79
90.45
96.4
108.14
98.06
94.4
109.76
81.29
105.62
97.02
124
112.29
96.87
91.66
89.61
99.24
87.13
111.95
82.22
101.22
88.89
112.53
110.29
104.61
89.2
79.27
87.53
120.98
107.63
100.15
114.99
113.46
112.77
89.53
102.41
90.28
111.59
97.74
98.6
91.27
111.52
97.98
100.38
98.71
115.86
97.3
97.59
93.55
87.92
83.87
88.24
89.04
116.99
103.56
117.53
94.76
98.74
101.65
112.81
121.59
79.94
77.84
109.22
116.49
116.26
105.15
113.73
94.33
80.37
102.03
99.74
86.69
82.71
102.44
108.97
93.99
90.65
82.32
101.35
105.86
95.61
92.89
96.47
107.38
116.82
108.31
92.88
80.36
94.19
108.45
104.72
91.66
73.08
95.45
96.5
81.79
108.34
87.87
80.57
78.52
105.39
91.52
97.33
91.93
103.13
93.19
120.47
115.09
81.01
111.99
79.28
134.33
117.22
109.13
87.65
89.74
80.37
102.89
84.63
106.12
106.54
102.97
92.5
94.93
110.71
91.63
107.31
120.52
83.43
97
91.78
103.94
98.35
89.2
130.5
89.36
108.1
96.07
103.73
99.48
130.87
100.53
107.71
83.72
121.78
87.43
84.51
87.3
103.29
128.97
111.11
88.61
105.24
113.9
111.36
104.09
81.71
116.7
103.85
79.17
92.54
112.12
105.53
95.2
94.53
108.36
90.97
100.47
93.95
93.84
105.45
104.89
116.39
97.8
85.4
112.1
101.25
88.81
81.62
88.63
101.64
118.02
108.56
90.15
102.24
91.62
147.09
100.5
95.72
89.33
82.34
99.13
114.7
105.76
115.09
109
102.28
86.75
85.75
93.1
91.6
96.86
77.54
121.59
87.46
91.07
96.78
85.86
108.71
108.41
84.55
98.6
106.11
106.96
86.14
85.15
113.52
127.06
76.78
92.29
108.84
116.87
102.14
85.34
97.8
122.02
97.97
101.6
115.78
100.91
106.5
124.06
94.46
91.61
114.5
84.23
91.56
79.61
84.26
116.74
68.84
103.79
84.68
112.96
105.69
102.52
106.85
108.05
98.78
114.25
130.8
112.59
109.72
94.23
86.31
110.76
77.28
115.2
114.6
89.51
88.93
87.47
93.28
106.2
115.99
117.36
96.41
74.77
96.55
92.81
82.25
84.34
100.39
94.49
105.55
85.21
97.97
83.56
97.88
72.44
100.39
82.14
85.35
86.69
102.39
112.69
97.83
106.46
70.71
97.52
107.43
97.8
108.54
101.49
98.58
108.99
124.93
73.87
103.3
100.78
90.06
116.82
104.38
117.02
82.15
119.73
98.96
76.09
97.8
74.5
116.8
96.49
100.19
81.2
116.26
89.32
85.04
108.33
68.93
105.35
116.71
100.29
123.71
93.59
84.68
91.05
98.6
94.02
113.92
80.24
117.48
95.37
97.06
111.85
126.34
77.5
93.11
125.22
113.37
86.35
112.66
102.3
81.14
95.38
94.39
114.89
106.81
78.57
99.72
101.79
116.74
105.77
120.74
102.72
105.34
96.23
106.32
128.98
105.59
108.36
104.91
86.01
103.71
98.01
104.25
112.49
74.38
85.17
103.14
78.9
78.17
82.25
131.42
116.37
75.98
123.62
103.31
100.81
94.8
129.98
117.06
82.5
103.3
105.04
108.61
118.14
103.21
102.4
114.09
101.07
96.36
101.37
107.57
90.83
92.08
108.47
85.58
94
86.11
92.63
91.04
83.78
103.19
89
82.14
97.63
97.7
123.23
106.06
94.73
101.76
93.77
97.72
92.4
105.91
108.86
102.79
97.67
79.86
89.99
96.83
91.32
82.27
117.73
123.1
92.79
68.21
107.88
97.19
89.81
99.76
78.95
80.69
96.29
86.33
109.39
93.15
112.83
91.05
101.82
98.03
97.14
97.87
89.4
87.83
107.36
112.79
101.85
96.21
115.07
96.42
90.72
91.43
104.45
74.84
87.68
86.9
113.54
88.92
87.95
112.15
126.08
109.96
100.23
78.68
96.08
96.19
89.84
83.39
102.21
132.7
83.32
118.8
103.05
136.59
79.82
87.96
91.64
88.98
113.38
95.97
76.41
100.47
104.76
73.54
97.73
106.61
126.51
82.27
98.35
100.05
73.26
107.31
83.16
118.4
71.74
92.75
113.4
108.53
106.13
93.97
124.28
102.41
92.84
86.09
118.21
102.56
89.04
113.9
98.9
81.27
100.85
98.2
84.61
109.8
90.35
95.77
136.9
92.07
127.59
101.87
102.83
93.97
94.67
98.84
94.16
93.27
102.7
93.86
107.59
76.6
102.24
94.31
118
106.43
96.1
87.23
100.67
86.91
106.32
108.17
100.57
89.71
71.07
77.86
106.96
113.5
77.39
102.04
69.96
113.18
120.25
119.76
103.76
115.84
73.1
84.3
75.23
87.39
93.64
129.61
101.44
98.37
117.27
116.42
105.4
107.17
92.31
107.96
105.8
102.41
103.5
93.4
110.6
85.32
79.73
114.95
95.29
74.84
92.99
93.05
99.83
88.19
99.32
109.4
105.12
125.94
109.87
94.08
95.99
83.86
85.7
101.92
76.91
98.88
126.44
102.92
76.85
84.99
96.82
82.64
79.86
96.3
89.62
92.47
91.14
116.37
116.77
109.03
101.44
110.82
77.54
104.12
110.8
101.09
101.05
82.89
118.26
79.18
113.75
89.99
98.43
125.86
97.6
116.78
122.89
114.79
78.89
115.7
95.65
86.57
122.8
89.12
99.47
97.82
106.54
97.78
102.6
127.62
88.75
89.96
88.09
110.91
97.49
86.63
106.04
90.62
110.3
99.06
88.95
85.88
118.62
84.66
106.33
77.42
80.11
95.18
130.99
101.65
103.54
110.06
80.8
97.61
123.06
98.71
104.7
99.29
106.1
95.34
108.3
107.14
100.82
73.76
117.95
114.2
79.39
109.69
86.79
111.87
91.68
105.87
99.33
105.03
85.81
88.17
104.66
101.64
100.77
94.43
106.24
102.19
98.32
108.5
112.71
81.43
77.46
108.9
97.1
108.45
117.01
123
116.27
99.32
94.19
108.51
90.12
85.51
105.66
85.52
116.52
105.3
102.08
89.74
102.06
119.09
81.16
90.37
113.16
152.47
104.95
86.68
94.74
108.23
103.77
104.76
119.51
65.08
101.91
71.13
93.51
124.68
96.86
119.36
96.54
107.95
98.14
97.51
100.49
112.19
109.79
113.49
116.19
115.24
87.8
91.77
78.91
103.68
116.36
109.69
60.72
109.17
86.67
104.97
75.95
75.69
77.75
110.69
107.6
91.86
87.85
100.08
113.34
84.18
88.2
89.47
103.16
86.62
81.94
101.6
98.1
105.15
105.57
103.25
103.18
79.27
87.83
92.18
103.03
111.11
100.18
97.25
88.49
93.44
103.89
80.44
121.01
88.37
85.98
75.75
88.67
89.09
109.24
98.67
81.47
107.91
90.62
88.12
90.95
91.27
89.13
74.82
110.6
95.39
95.78
78.83
89.82
99.23
120.28
115.23
94.87
93.98
102.02
101.8
113.01
87.25
90.75
102.78
93.99
102.55
122.53
80.39
89.07
101.14
89.61
115.16
88.49
117.85
84.71
78.9
133.86
96.92
88.21
102.36
90.96
111.03
74.33
93.02
115.46
102.58
100.48
77.2
119.1
104.92
95.3
105.41
90.9
99.73
119.71
122.4
103.13
102.67
93.44
97.73
111.16
107.75
122.19
93.14
103.82
85.7
84.19
88.87
95.21
72.49
116.37
92.48
82.27
99.17
105.96
110.19
109.98
96.58
110.06
85.5
97.45
100.3
107.55
94.38
103.49
113.63
97.95
99.13
99.85
131.63
84.37
106.21
101.64
112.93
119.84
105.85
89.88
103.97
104.26
100.62
129.49
86.83
87.56
113.73
82.29
107.24
86.87
115.71
82.15
125.4
79.47
109.61
89.34
91.47
118.69
87.6
110.64
86.22
93.6
128.51
80.17
99.89
108.33
90.83
112.1
98.95
121.38
95.13
81.17
92.84
137.82
111.15
82.38
106.1
140.43
96.16
110.08
92.92
119.14
82.82
101.13
117.64
102.78
104.41
85.85
93.97
97.43
98.74
99.99
100.71
100.62
94.44
87.05
75.95
88.72
93.34
88.48
83.19
77.15
96.97
86.52
107.21
79.62
101.65
87.31
86.76
96.14
85.67
107.94
98.25
91.84
98.55
103.89
109.37
88.58
84.15
109.34
110.6
80.7
90.66
97.87
107.53
77.58
77.91
91.13
94.35
96.02
122.07
94.15
107.29
109.3
119.74
84.84
115.83
107.39
107.29
111.31
102.07
73.21
92.39
98.25
82.46
111.73
103.71
101.76
112.04
103.24
102.7
103.73
95.39
94.73
83.59
111.32
95.01
87.68
115.48
95.01
107.2
78.57
96.03
100.38
87.03
101.42
73.68
106.83
83.91
104.81
92.18
97.62
92.58
84.5
108.42
87.9
87.92
85.01
105.1
73.73
66.91
111.74
77.97
85.13
95.4
112.57
108.31
94.66
112.99
137.59
127.9
97.27
93.14
93.77
97.68
113.81
92.32
102.37
90.83
91.29
110.05
107.97
72.18
81.54
118.86
87.08
88.9
95.63
76.31
126.22
78.98
91.26
68.22
84.72
123.44
94.61
106.58
80.99
93.45
108.38
104.58
94.59
104.73
92.86
93.84
110.23
114.61
120.31
108.11
105.07
87.48
102.44
114.17
91.38
121.09
102.8
121.89
115.58
92.24
85.08
99.75
78.68
107.39
119.54
88.79
93.39
89.6
80.42
98.14
108.25
104.06
98
75.39
110.95
90.89
79.79
90.77
107.79
61.08
98.26
96.93
84.03
98.49
100.86
111.11
69.7
97.7
79.85
86.82
105.96
82.68
105.8
85.18
69.52
117.05
85.14
90.13
74.47
91.07
114.71
108.47
99.73
82.21
108.54
99.94
116.94
96.31
120.02
109.63
103.63
125.79
114.59
91.7
90.35
106.43
126.69
95.98
79.45
93.86
119.78
102.16
87.25
123.57
85.17
117.98
84.28
95.65
82.13
95.69
118.98
110.76
96.96
116.51
91.41
92.83
85.06
85.87
96.7
86
91.46
107.89
134.18
121.67
78.47
99.41
83.62
81.36
117.96
107.77
101.51
84.37
116.64
110.16
124.92
99.42
85.97
91.92
86.01
95.1
86.23
88.11
86.54
103.93
123.42
95.26
87.34
88.39
104.57
87.24
92.16
74.35
92.22
90.1
97.98
94.52
112.16
89.43
111.78
73.44
95.16
120.79
100.59
92.08
102.17
105.55
93.77
89.93
77.27
84.05
80.87
129.13
120.92
107.48
122.68
84.77
100.53
89.99
80.46
98.21
120.74
133.78
121.7
74.29
108.59
108.67
81.89
117.9
105.28
79.83
88.48
113.33
102.2
98.43
113
83.29
101.28
126.2
101.64
73.95
101.09
92.99
86.91
97.13
93.27
124.75
96.42
105.46
109.93
89.32
97.3
102.14
108.84
122.71
80.66
72.77
92.42
90.05
110.07
97.54
86.74
76.26
100.85
112.57
112.82
94.69
97.37
119.94
98.35
98.28
73.53
102.65
124.45
97.78
112.59
98.26
101.66
100.93
88.2
94.28
118.78
104.24
80.05
104.91
96.85
105.79
94.21
112.84
116.97
113.59
95.66
107.9
86.83
91.81
91.56
101.63
108.19
91
91.87
94.07
99.37
92.92
80.61
98.53
97.04
79.41
112.99
110.17
105.34
103.95
99.72
107.41
87.94
108.27
124.41
95.86
114.32
79.73
95.84
113.06
107.17
74.14
81.03
105.24
111.97
95.52
85.95
91.06
99.96
90.2
112.9
88.95
82.39
76.82
107.81
81.34
107.35
84.94
101.07
91.71
68.18
77.99
101.45
83.19
79.2
110.55
81.04
101.88
104.75
97.37
108.33
117.4
96.72
101.77
103.97
102.39
93.61
95.95
120.54
98.54
95.83
98.81
91.23
78.86
119.84
87.57
93.72
83.9
118.54
127.01
102.66
103.15
98.7
102.5
82.46
109.84
90.71
92.12
100.41
83.56
73.04
103
116.89
85.25
92.56
85.73
70.89
115.69
90.5
112.48
79.61
127.64
102.65
89.61
104.21
88.4
106.82
106.21
78.98
75.72
101.31
85.06
98.85
105.87
98.06
87.4
88.23
79.54
104.99
80.64
124.05
107.2
95.62
120.9
93.1
95.99
100.51
98.37
96.38
76.66
94.3
81.28
79.61
100.12
84.26
86.31
96.06
142.85
123.32
137.31
83.44
96.31
95.88
89.61
94.56
103.66
118.94
89.76
103.94
96.03
104.81
105.77
94.3
119.25
119.42
121.44
111.8
107.62
98.27
97.14
98.62
96.59
92.47
110.9
60.68
138.04
97.41
118.76
104.49
96.72
100.54
116.38
125.57
101.38
65.97
75.77
104.1
88.62
98.24
111.59
86.3
104.02
84.63
133.55
99.35
92.88
113.3
90.31
74.98
102.81
108.52
100.7
88.56
87.52
106.38
87.92
104.29
99.92
102.73
103
112.16
108.67
97.83
95.07
75.69
75.94
106.01
96.28
74.96
85.84
93.77
87.92
92.01
95.02
83.63
96.31
96.14
141.89
94.53
118.55
102.19
129.42
116.44
100.24
75.72
113.12
94.28
100.87
109.2
111.6
76.93
90.38
110.14
93.14
93.61
87.06
121.27
118.71
92.72
89.52
89.26
85.45
120.02
87.56
59.59
78.51
133.7
111.23
96.16
104.63
93.84
105.81
107.96
85.48
104.66
111.95
108.42
83.41
98
106.4
105.11
95.49
78.4
72.14
126.08
103.99
91.71
100.25
101.03
101.84
105.04
95.01
109.76
109.43
130.05
110.88
89.35
132.47
126.62
100.2
92.67
108.58
77.48
80.7
111.83
110.69
117.3
118.63
111.2
99.65
82.7
123.51
112.67
74.95
93.89
107.73
116.82
86.99
93.41
85.73
102.34
102.11
104.02
101.91
78.72
96.09
116.38
103.21
82.08
102.54
96.32
129.59
112.04
104.58
88.1
104.86
85.54
75
106.73
98.53
115.6
85.95
61.24
106.98
105.32
91.59
87.98
94.58
118.63
110.47
85.97
98.94
93.26
105.02
115.62
89.27
106.96
100.33
105.27
94.68
116.45
104.71
132.34
97
93.84
85.93
105.68
90.73
93.6
134.94
88.69
84.93
92.08
66.73
93.54
98.57
98.81
80.3
89.86
117.29
104.35
119.51
99.03
84.74
92.95
82.88
104.4
136.35
97.21
124.41
91.95
104.12
127.98
102.13
104.58
109.28
105.66
113.58
124.78
108.33
135.98
97.75
118.24
134.64
105.31
117.27
103.45
91.41
112.91
69.81
91.76
103.62
94.33
80.16
72.94
124.47
106.29
89.87
88.75
93.87
83.87
109.32
104.96
112
102.52
94.76
108.03
100.47
115.89
94.3
94.32
85.96
90.96
94.13
82.97
92.83
74.72
65.88
81.34
91.75
111.63
86.49
102.24
90.43
78.52
117.2
101.15
116.37
101.09
108.31
118.8
93.93
101.72
114.3
88.61
101.01
90.83
127.15
92.45
108.06
110.16
94.52
113.04
83.88
128.12
108.92
85.42
100.02
90.69
98.15
83.09
66.45
106.82
89.95
106.82
77.56
98.51
82.52
118.74
101.9
84.34
117.72
112.07
102.95
121.7
105.02
102.27
97.92
101.82
106.16
86.78
117.98
97.53
85.18
103.16
89.13
129.08
105.33
96.73
102.23
90.37
91.86
85.58
110.6
110.1
100.24
85.64
101.33
104.68
89.01
87.76
123.76
98.74
103.76
96.06
116.19
99.31
111.96
95.72
81.84
105.69
77.82
121.65
91.23
101.42
109.92
115.32
87.95
118.56
113.42
99.89
82.81
112.43
73.83
111.56
120.59
84.04
96.17
141.53
119.26
92.06
113.34
110.24
108.77
106.63
106.17
95.19
92.77
84.58
93.14
83.15
80.37
98.51
