3.14079 3.14079 0
3.14638 3.14359 0.00279432
3.13934 3.14217 0.00214671
3.13785 3.14109 0.00186233
3.14126 3.14112 0.00144295
3.14226 3.14131 0.00119339
3.13669 3.14065 0.00120576
3.13993 3.14056 0.00104817
3.13828 3.14031 0.000958494
3.14258 3.14054 0.000886907
3.13641 3.14016 0.000885572
3.14014 3.14016 0.000808415
3.13884 3.14006 0.000750491
3.13834 3.13993 0.000705611
3.14397 3.1402 0.00070974
3.14493 3.1405 0.000726751
3.14362 3.14068 0.000706875
3.14106 3.1407 0.000666769
3.1425 3.1408 0.000637713
3.13973 3.14074 0.000607326
3.14246 3.14083 0.000583402
3.14132 3.14085 0.000556707
3.13629 3.14065 0.000567689
3.14266 3.14073 0.000549952
3.13815 3.14063 0.000537532
3.13886 3.14056 0.000520929
3.13872 3.14049 0.000505895
3.13799 3.1404 0.00049565
3.1433 3.1405 0.000488557
3.14116 3.14053 0.000472497
3.14388 3.14063 0.000469649
3.14408 3.14074 0.000467293
3.13935 3.1407 0.000454873
3.1394 3.14066 0.000442948
3.14483 3.14078 0.000446284
3.14129 3.1408 0.000433945
3.14171 3.14082 0.000422781
3.13776 3.14074 0.000419325
3.1454 3.14086 0.000425544
3.14493 3.14096 0.000427058
3.14229 3.14099 0.00041778
3.14161 3.14101 0.000407978
3.13771 3.14093 0.00040569
3.13761 3.14086 0.000403488
3.14474 3.14094 0.000403748
3.14215 3.14097 0.000395739
3.14065 3.14096 0.000387285
3.14034 3.14095 0.00037935
3.14059 3.14094 0.000371599
3.14213 3.14096 0.000364862
3.14189 3.14098 0.000358094
3.14635 3.14109 0.000365969
3.14152 3.14109 0.000359091
3.14115 3.1411 0.00035238
3.14068 3.14109 0.000345995
3.13621 3.141 0.000350731
3.13413 3.14088 0.000364979
3.14491 3.14095 0.000365313
3.14467 3.14101 0.000364557
3.13959 3.14099 0.000359213
3.14856 3.14111 0.000374419
3.13665 3.14104 0.000375298
3.14169 3.14105 0.000369435
3.14614 3.14113 0.000372195
3.14224 3.14115 0.000366823
3.14363 3.14119 0.000363179
3.14121 3.14119 0.000357718
3.14321 3.14122 0.000353678
3.1412 3.14122 0.000348515
3.14415 3.14126 0.000346056
3.13503 3.14117 0.000352231
3.13917 3.14114 0.000348416
3.14567 3.1412 0.000349172
3.13933 3.14118 0.000345354
3.13767 3.14113 0.000343919
3.14245 3.14115 0.000339807
3.14611 3.14121 0.000341497
3.14388 3.14125 0.000338826
3.14606 3.14131 0.000340013
3.13885 3.14128 0.000337145
3.14636 3.14134 0.000338827
3.13711 3.14129 0.000338628
3.14419 3.14132 0.000336341
3.14914 3.14142 0.000345082
3.14035 3.1414 0.000341229
3.13907 3.14138 0.000338331
3.14243 3.14139 0.000334637
3.13718 3.14134 0.000334256
3.14067 3.14133 0.000330566
3.14762 3.1414 0.00033425
3.13992 3.14139 0.000330957
3.13769 3.14135 0.000329797
3.14349 3.14137 0.000327044
3.14358 3.14139 0.000324401
3.14157 3.1414 0.000320974
3.14111 3.14139 0.000317627
3.14207 3.1414 0.000314412
3.14475 3.14143 0.000313062
3.13673 3.14139 0.000313502
3.13578 3.14133 0.000315376
