1 0
1.41655 0.00423719
1.73499 0.00562431
2.00574 0.00653568
2.24442 0.00798742
2.45022 0.00848983
2.64371 0.0101395
2.83425 0.0106864
3.00606 0.0113446
3.17049 0.012295
3.32635 0.0142731
3.48454 0.0145177
3.6282 0.0151418
3.76189 0.0155924
3.89048 0.0168281
4.02393 0.017375
4.14193 0.0177421
4.25972 0.018108
4.36935 0.0185437
4.47573 0.0198883
4.58522 0.0205534
4.70272 0.019992
4.81456 0.0206489
4.92173 0.0215834
5.01817 0.0219255
5.12064 0.0222733
5.20698 0.0224884
5.2946 0.0231776
5.37092 0.0240948
5.46584 0.0244494
5.56904 0.0242656
5.64455 0.0238381
5.72054 0.0236193
5.80917 0.0246137
5.90239 0.0247815
5.97719 0.0263544
6.065 0.0277417
6.1524 0.0275455
6.23699 0.028176
6.31367 0.0278802
6.37751 0.0270718
6.47032 0.0269993
6.55149 0.0277874
6.63271 0.0287539
6.7082 0.0277024
6.77637 0.027661
6.86137 0.0285903
6.94043 0.0291244
7.02084 0.0293535
7.09336 0.0307472
7.15605 0.0295432
7.22486 0.0291038
7.29311 0.0294212
7.37334 0.0293398
7.43055 0.0292113
7.50668 0.0290113
7.5783 0.029266
7.65018 0.0288515
7.71502 0.0292958
7.787 0.0304306
7.85159 0.0305613
7.91289 0.0316924
7.97532 0.032336
8.03784 0.0331325
8.0972 0.03316
8.16364 0.033001
8.2235 0.0339292
8.28145 0.033969
8.33095 0.0344852
8.39363 0.035747
8.46033 0.0365645
8.52068 0.0367048
8.57788 0.0360403
8.63853 0.0359848
8.69479 0.0369168
8.7518 0.0371502
8.80711 0.0376699
8.86432 0.0379105
8.92398 0.0381238
8.98244 0.0383057
9.04289 0.0391509
9.10016 0.0397318
9.15119 0.0401349
9.20776 0.0398193
9.25421 0.0401417
9.30031 0.0399239
9.35969 0.0405115
9.41401 0.0410412
9.4716 0.0410088
9.52668 0.041215
9.58231 0.0415366
9.63532 0.0414224
9.69461 0.0410383
9.73757 0.0416811
9.79314 0.0430815
9.8501 0.043426
9.90581 0.0433564
9.94865 0.0438812
9.99235 0.043863
10.0419 0.0443557
