0.998845 0.00329394
0.996302 0.0031756
0.996393 0.00224736
0.99732 0.00197206
0.998193 0.00183156
0.997973 0.00156346
0.998726 0.00154905
0.998803 0.00136831
0.998404 0.00128704
0.998362 0.00116494
0.998641 0.00109941
0.998493 0.00102205
0.997745 0.00120619
0.997742 0.00112291
0.998017 0.00108589
0.998418 0.00109593
0.998491 0.00103582
0.998454 0.000980464
0.998411 0.00093114
0.998333 0.000889167
0.998608 0.000891342
0.998493 0.000859426
0.998939 0.000935911
0.998944 0.000897708
0.999057 0.000869936
0.99927 0.000863617
0.999151 0.000840659
0.999174 0.000811478
0.999187 0.000784075
0.999346 0.000774912
0.999465 0.000759603
0.999557 0.000742012
0.999519 0.000720865
0.999467 0.000701913
0.99943 0.000683126
0.999406 0.000664862
0.999389 0.000647351
0.999453 0.000633828
0.999515 0.000620842
0.999582 0.000609224
0.999696 0.000605434
0.99982 0.000604032
0.999754 0.000593911
0.999798 0.00058228
0.999681 0.000581396
0.999736 0.000571525
0.999614 0.000572615
0.999654 0.000562243
0.99971 0.000553713
0.999784 0.0005477
0.99977 0.000537239
0.999844 0.000532192
0.999834 0.000522348
0.999924 0.000520594
0.999949 0.000511867
0.999953 0.00050282
1.00003 0.000499352
0.999949 0.000496667
0.999912 0.000489782
0.999935 0.000482276
0.999996 0.000478305
1.00004 0.000472695
1.00015 0.000478666
1.00013 0.00047163
1.00005 0.000471133
1.00004 0.000464436
1.00002 0.000457843
0.999958 0.000455343
0.999959 0.000448793
0.99997 0.000442564
1.00002 0.000438788
1.00006 0.000434857
0.999998 0.000433255
1.00004 0.000429914
1.00008 0.000425749
1.00009 0.000420371
1.00013 0.000416603
1.00013 0.000411296
1.00011 0.000406439
1.00007 0.000403255
1.00015 0.000404776
1.00021 0.000404169
1.00022 0.000399554
1.00022 0.000394826
1.0002 0.000390497
1.00025 0.000388401
1.00019 0.000387709
1.00015 0.00038572
1.00019 0.000383117
1.00017 0.000379291
1.00018 0.000375399
1.00021 0.000372366
1.00019 0.000369137
1.00009 0.000378149
1.00013 0.000376332
1.00012 0.000372648
1.00016 0.000371305
1.00014 0.000368244
1.00014 0.000364546
