15.0854 0.107753 14.8699 
14.6678 0.120578 14.9777 
15.3583 0.148003 14.8744 
15.285 0.128447 14.9953 
14.8457 0.110433 15.0533 
15.0426 0.0933953 15.0187 
14.4973 0.104144 15.0221 
14.6341 0.0985837 14.9565 
15.308 0.0963088 14.9207 
14.6543 0.0914251 14.9594 
14.7892 0.0842997 14.9317 
14.8905 0.0775773 14.9198 
14.8857 0.0718586 14.9175 
15.1304 0.0684175 14.9153 
15.1856 0.0659677 14.9296 
14.8991 0.0620263 14.9456 
15.102 0.0591437 14.9429 
14.6675 0.0579099 14.9517 
14.6907 0.0562991 14.9368 
14.4333 0.058435 14.9245 
14.9333 0.0557348 14.9011 
14.634 0.0545209 14.9025 
15.0274 0.0525088 14.8909 
14.9765 0.0504662 14.8965 
15.2665 0.0504971 14.8997 
14.7326 0.0490523 14.9138 
15.1829 0.0482834 14.9071 
15.2692 0.0481458 14.917 
15.34 0.0484874 14.9291 
15.1632 0.0474329 14.9428 
14.3715 0.0493563 14.9499 
15.443 0.050282 14.9319 
15.1386 0.0491042 14.9473 
14.8202 0.0478313 14.953 
15.1178 0.0467191 14.9492 
15.0885 0.0455842 14.9539 
14.9897 0.0443765 14.9575 
14.7848 0.0434521 14.9583 
14.8368 0.042453 14.9539 
14.7538 0.0416829 14.951 
14.9988 0.0406976 14.9462 
14.8557 0.0397971 14.9474 
15.1391 0.0391308 14.9453 
15.0326 0.0382957 14.9497 
14.7223 0.0377841 14.9515 
15.028 0.0370121 14.9465 
14.7347 0.036505 14.9483 
14.9109 0.0357586 14.9438 
14.7047 0.0353592 14.9432 
15.3145 0.0354348 14.9384 
15.1397 0.0349462 14.9458 
15.2726 0.0348184 14.9495 
15.1986 0.0344626 14.9556 
15.1752 0.0340556 14.9601 
15.1954 0.0336963 14.964 
15.2014 0.0333519 14.9681 
15.3441 0.033393 14.9722 
15.2652 0.0331795 14.9786 
14.8172 0.0327393 14.9835 
14.8986 0.0322262 14.9807 
14.7889 0.0318507 14.9794 
14.7587 0.0315308 14.9763 
14.5521 0.0317228 14.9728 
15.1017 0.0313004 14.9663 
14.7688 0.0309704 14.9684 
14.5807 0.0310402 14.9653 
14.9581 0.0305803 14.9596 
14.9513 0.0301341 14.9596 
15.2952 0.0300853 14.9595 
14.3777 0.0307877 14.9642 
14.7488 0.0304931 14.956 
14.8878 0.0300858 14.9531 
15.1624 0.0298121 14.9522 
15.3178 0.0298068 14.9551 
14.8868 0.0294278 14.9599 
14.9666 0.0290432 14.9589 
15.3297 0.0290596 14.959 
15.3533 0.0291101 14.9638 
14.5729 0.0291666 14.9687 
14.5008 0.0293659 14.9638 
14.9273 0.029008 14.958 
14.5932 0.0289909 14.9577 
15.3211 0.0289764 14.9533 
14.8329 0.0286711 14.9577 
15.3489 0.0287013 14.9562 
15.1066 0.0284189 14.9608 
15.1539 0.0281783 14.9624 
14.5461 0.0282539 14.9646 
15.1844 0.0280494 14.9599 
14.5805 0.0280551 14.9624 
15.2825 0.0279716 14.9582 
15.0914 0.0277043 14.9617 
15.2377 0.0275632 14.9631 
15.3579 0.0275817 14.966 
15.5282 0.027905 14.9702 
14.9787 0.0276158 14.976 
14.5183 0.0277287 14.976 
15.0411 0.0274562 14.9713 
15.2722 0.0273455 14.972 
14.7568 0.0271595 14.975 
14.4063 0.0274597 14.9729 
15.1742 0.0272659 14.9673 
15.1781 0.027077 14.9693 
14.9556 0.0268183 14.9713 
14.9102 0.0265703 14.9712 
14.961 0.0263209 14.9706 
14.9173 0.0260808 14.9705 
15.1872 0.0259171 14.97 
14.587 0.0259178 14.972 
14.9743 0.0256833 14.9685 
14.9468 0.0254537 14.9686 
14.7154 0.0253266 14.9684 
14.7228 0.025194 14.9661 
15.2742 0.0251193 14.964 
15.2137 0.0249927 14.9667 
14.4793 0.0251289 14.9688 
14.936 0.0249162 14.9647 
14.9886 0.0247068 14.9644 
14.5872 0.024701 14.9646 
14.5189 0.0247676 14.9615 
14.7624 0.0246159 14.9578 
15.0476 0.0244263 14.9562 
15.399 0.0244894 14.957 
14.7622 0.0243445 14.9605 
15.0563 0.0241628 14.9589 
15.4139 0.0242372 14.9597 
15.2315 0.0241382 14.9633 
14.8109 0.0239803 14.9654 
14.742 0.0238564 14.9642 
15.2843 0.0238007 14.9625 
14.8556 0.0236342 14.9649 
14.5265 0.0236856 14.9641 
14.7065 0.0235846 14.9608 
14.9737 0.0234095 14.9589 
15.3536 0.0234171 14.959 
15.0487 0.0232542 14.9619 
14.8222 0.0231075 14.9626 
14.8276 0.0229609 14.9615 
15.1116 0.0228218 14.9606 
14.898 0.0226639 14.9617 
14.983 0.0225042 14.9612 
15.0124 0.0223491 14.9614 
15.3929 0.0223945 14.9617 
15.1595 0.0222801 14.9647 
14.8815 0.0221345 14.9661 
15.5079 0.0222909 14.9655 
15.0338 0.0221441 14.9692 
15.023 0.0219979 14.9696 
14.9088 0.0218545 14.97 
15.4568 0.0219478 14.9696 
15.0641 0.0218112 14.9728 
14.9032 0.021673 14.9734 
14.9589 0.021532 14.9729 
15.1528 0.0214242 14.9728 
14.8646 0.0212979 14.974 
15.132 0.021186 14.9733 
15.1128 0.0210697 14.9743 
15.0986 0.0209512 14.9752 
15.17 0.0208551 14.976 
15.0748 0.020734 14.9772 
15.0891 0.0206171 14.9778 
15.3496 0.0206163 14.9785 
14.7162 0.0205536 14.9807 
15.0557 0.0204339 14.9791 
14.4732 0.0205383 14.9796 
14.8049 0.0204408 14.9765 
15.3436 0.0204365 14.9755 
14.5491 0.0204729 14.9777 
15.3226 0.0204545 14.9752 
15.0019 0.020335 14.9772 
14.7023 0.0202796 14.9774 
14.8429 0.0201767 14.9758 
15.2151 0.0201078 14.975 
15.1875 0.0200289 14.9764 
14.7619 0.0199524 14.9776 
14.775 0.019872 14.9763 
14.9405 0.019761 14.9752 
14.999 0.0196508 14.975 
15.3383 0.0196451 14.9751 
14.6916 0.0195999 14.9772 
14.9794 0.0194919 14.9756 
14.7965 0.0194098 14.9756 
15.2154 0.0193483 14.9746 
15.3743 0.0193636 14.9759 
15.0117 0.01926 14.9781 
15.2472 0.0192106 14.9783 
15.058 0.0191127 14.9797 
15.017 0.0190123 14.9801 
14.9066 0.018916 14.9803 
15.2459 0.0188681 14.9799 
14.5908 0.0188795 14.9813 
14.8858 0.0187877 14.9793 
14.6175 0.0187831 14.9788 
14.7671 0.0187175 14.9769 
14.0438 0.0192194 14.9759 
15.2912 0.0191905 14.9711 
14.9683 0.0190933 14.9727 
14.6244 0.0190776 14.9727 
15.5217 0.0191807 14.971 
