5.52625 0.0203801 5.56701
5.29012 0.0863101 5.54663
5.58231 0.0681354 5.46113
5.51547 0.0529961 5.49142
5.38554 0.0470402 5.49623
5.40785 0.0409925 5.47778
5.47931 0.0355297 5.46779
5.41158 0.0319823 5.46923
5.58046 0.0309302 5.46283
5.44833 0.0280791 5.47459
5.44084 0.0257655 5.4722
5.33903 0.025741 5.46959
5.39366 0.0242918 5.45955
5.28079 0.0254174 5.45484
5.28841 0.0256696 5.44324
5.609 0.026228 5.43356
5.41486 0.0247805 5.44388
5.44255 0.02344 5.44227
5.59301 0.0234795 5.44228
5.40836 0.0224206 5.44982
5.48314 0.0214373 5.44784
5.25223 0.0222065 5.44945
5.55122 0.0217525 5.44087
5.45924 0.0208716 5.44547
5.55022 0.0204493 5.44602
5.58508 0.0203031 5.45003
5.51895 0.0196973 5.45503
5.24561 0.0203598 5.45731
5.2468 0.0208031 5.45001
5.65514 0.0212503 5.44324
5.52247 0.0206995 5.45008
5.64971 0.020935 5.45234
5.32941 0.0206608 5.45832
5.27842 0.0206832 5.45453
5.41796 0.0201196 5.4495
5.60107 0.0199973 5.44862
5.72916 0.0207789 5.45274
5.78132 0.0218516 5.46001
5.49176 0.0213064 5.46825
5.66414 0.0213192 5.46884
5.4508 0.0208125 5.4736
5.28618 0.0207822 5.47306
5.66722 0.0207996 5.46871
5.54593 0.0203962 5.47323
5.39997 0.0200142 5.47484
5.69013 0.0201202 5.47321
5.23058 0.020359 5.47783
5.19131 0.0207495 5.47268
5.32992 0.0205142 5.46694
5.44015 0.0201134 5.4642
5.60063 0.0198978 5.46372
5.52878 0.0195542 5.46636
5.44338 0.0191939 5.46754
5.40438 0.0188762 5.46709
5.43074 0.0185467 5.46595
5.56294 0.0182987 5.46532
5.25201 0.0183587 5.46703
5.28544 0.018295 5.46332
5.41883 0.0180008 5.46031
5.22464 0.0181175 5.45962
5.40445 0.0178421 5.45577
5.43792 0.0175587 5.45494
5.37039 0.0173322 5.45467
5.35632 0.0171287 5.45335
5.67868 0.0172137 5.45186
5.31831 0.0170777 5.45529
5.47294 0.0168271 5.45325
5.33991 0.0166631 5.45354
5.41651 0.0164311 5.45189
5.78051 0.0168482 5.45139
5.59916 0.0167311 5.45602
5.57761 0.0165815 5.45801
5.38393 0.0163878 5.45965
5.39507 0.01619 5.45863
5.52481 0.0159999 5.45778
5.55483 0.0158401 5.45866
5.5183 0.0156536 5.45991
5.66498 0.0156691 5.46066
5.84763 0.0162009 5.46324
5.52514 0.0160152 5.46805
5.4899 0.0158207 5.46875
5.23982 0.015871 5.46901
5.47129 0.0156811 5.46625
5.28103 0.015648 5.46631
5.46968 0.0154652 5.46413
5.36749 0.0153267 5.4642
5.44458 0.015153 5.46308
5.23419 0.0152005 5.46287
5.45206 0.015031 5.4603
5.71823 0.0151329 5.46021
5.46568 0.0149675 5.46305
5.5839 0.0148626 5.46308
5.22795 0.0149172 5.46438
5.38451 0.0147818 5.46186
5.38062 0.014651 5.46105
5.29295 0.0146013 5.46021
5.4945 0.0144562 5.45848
5.31614 0.0143819 5.45885
5.55797 0.0142728 5.45741
5.42533 0.0141346 5.45842
5.41067 0.014003 5.45809
5.36253 0.0138971 5.45762
5.49506 0.0137678 5.4567
5.31653 0.0137016 5.45707
5.6048 0.0136444 5.45573
5.49575 0.0135211 5.45714
5.25504 0.0135258 5.4575
5.47982 0.013403 5.45562
5.61786 0.013362 5.45584
5.3401 0.0132831 5.45732
5.58727 0.0132159 5.45626
5.44705 0.0130987 5.45743
5.47331 0.012984 5.45734
5.36744 0.0128944 5.45748
5.59842 0.0128411 5.4567
5.35813 0.0127594 5.45792
5.20452 0.0128305 5.45707
5.57959 0.0127653 5.45493
5.24971 0.0127747 5.45597
5.36078 0.0126922 5.45425
5.32506 0.0126317 5.45348
5.28044 0.0126063 5.45243
5.36081 0.0125254 5.45103
5.43104 0.0124257 5.4503
5.35728 0.0123487 5.45015
5.55229 0.0122779 5.44941
5.31449 0.0122276 5.45022
5.31094 0.0121797 5.44916
5.75189 0.0123095 5.44809
5.46022 0.0122154 5.45043
5.58887 0.0121678 5.4505
5.34321 0.0121034 5.45155
5.45274 0.0120127 5.45074
5.46466 0.0119239 5.45075
5.49005 0.0118394 5.45085
5.35591 0.0117732 5.45114
5.31604 0.0117281 5.45045
5.46974 0.0116443 5.44947
5.27081 0.0116311 5.44962
5.56264 0.0115768 5.44834
5.50024 0.0115006 5.44915
5.04704 0.0117616 5.44951
5.56283 0.0117074 5.4467
5.33213 0.0116536 5.4475
5.13332 0.0117709 5.44671
5.60915 0.011744 5.44456
5.47763 0.0116664 5.44568
5.54781 0.011608 5.4459
5.43037 0.0115309 5.44658
5.53998 0.011471 5.44647
5.26648 0.0114571 5.44709
5.23452 0.0114655 5.4459
5.38252 0.0113979 5.44452
5.36477 0.0113357 5.44412
5.51753 0.0112727 5.44361
5.59699 0.011243 5.44408
5.42205 0.0111725 5.44506
5.54565 0.0111201 5.44491
5.54672 0.0110685 5.44554
5.55988 0.0110222 5.44618
5.48257 0.0109561 5.44688
5.31513 0.0109188 5.4471
5.31637 0.0108809 5.44629
5.51997 0.0108241 5.4455
5.38094 0.0107658 5.44595
5.65453 0.0107741 5.44556
5.5277 0.0107206 5.44681
5.55855 0.0106773 5.44729
5.50487 0.0106196 5.44795
5.28969 0.0105979 5.44829
5.5082 0.0105421 5.44736
5.52752 0.0104911 5.44771
5.37035 0.0104402 5.44817
5.49051 0.0103833 5.44773
5.51594 0.0103313 5.44797
5.40642 0.0102755 5.44836
5.54414 0.0102319 5.44812
5.36389 0.0101856 5.44866
5.28093 0.0101714 5.44819
5.30451 0.0101457 5.44726
5.1953 0.0101837 5.44647
5.44901 0.010128 5.44509
5.49808 0.0100769 5.44511
5.60722 0.0100604 5.4454
5.64928 0.0100655 5.44627
5.26745 0.0100576 5.44736
5.51125 0.0100099 5.4464
5.64645 0.0100127 5.44675
5.6727 0.01003 5.4478
5.35314 0.00998996 5.44899
5.51707 0.00994421 5.44848
5.44269 0.0098926 5.44884
5.5063 0.00984594 5.44881
5.30554 0.00982295 5.44911
5.4885 0.00977484 5.44837
5.51946 0.00973175 5.44858
5.57283 0.00970268 5.44893
5.67165 0.00971809 5.44956
5.52434 0.00967639 5.45068
