5.34234 0.0127797 5.31679
5.43772 0.0367977 5.32956
5.4191 0.029254 5.36562
5.31069 0.026458 5.37899
5.52272 0.0339826 5.36533
5.35442 0.0292065 5.39156
5.63972 0.0405409 5.38625
5.46673 0.0361625 5.41794
5.39049 0.0325113 5.42336
5.41918 0.0294077 5.42007
5.5282 0.0283195 5.41999
5.39173 0.0262075 5.42901
5.41293 0.0242817 5.42614
5.51188 0.0233321 5.4252
5.55257 0.0231105 5.43098
5.4625 0.0217541 5.43858
5.36556 0.0209226 5.43998
5.5423 0.0205685 5.43585
5.38238 0.0197353 5.44145
5.69891 0.022498 5.4385
5.40897 0.0215355 5.4509
5.33648 0.0211513 5.44899
5.46496 0.0202695 5.4441
5.47025 0.0194681 5.44497
5.31611 0.0193598 5.44598
5.64154 0.0200552 5.44099
5.60676 0.0201361 5.44841
5.3878 0.0195633 5.45407
5.28454 0.019705 5.45178
5.3975 0.0191234 5.44621
5.61598 0.0192748 5.44464
5.29688 0.0192491 5.44999
5.402 0.0187179 5.44535
5.55375 0.0184433 5.44408
5.36951 0.0180532 5.44721
5.3748 0.0176609 5.44505
5.66267 0.0181346 5.44315
5.64534 0.0183674 5.44893
5.65463 0.0185919 5.45397
5.434 0.018143 5.45898
5.24636 0.0184113 5.45837
5.51075 0.0180276 5.45333
5.33114 0.0178354 5.45466
5.37388 0.0175204 5.45185
5.85533 0.019267 5.45012
5.66818 0.0193712 5.45893
5.17998 0.0198612 5.46338
5.30728 0.0196917 5.45748
5.37922 0.0193523 5.45441
5.22448 0.0194907 5.45291
5.26391 0.0194388 5.44843
5.22331 0.0195214 5.44488
5.60799 0.0194054 5.4407
5.39063 0.0190738 5.4438
5.60081 0.0189414 5.44283
5.4722 0.0186119 5.44565
5.51112 0.0183225 5.44612
5.35116 0.0180828 5.44724
5.57741 0.017914 5.44561
5.51554 0.0176528 5.44781
5.52576 0.01741 5.44892
5.55768 0.0172162 5.45016
5.67781 0.0173089 5.45186
5.71019 0.0174856 5.45539
5.49536 0.0172273 5.45931
5.68887 0.0173091 5.45986
5.47105 0.017053 5.46328
5.4327 0.0168099 5.46339
5.34367 0.0166554 5.46295
5.48676 0.0164231 5.46124
5.59523 0.0162994 5.4616
5.28453 0.0162604 5.46346
5.39576 0.0160634 5.46101
5.38913 0.015876 5.46013
5.44295 0.0156671 5.45918
5.60544 0.0155789 5.45897
5.30436 0.0155082 5.46087
5.37317 0.0153491 5.45886
5.50737 0.0151686 5.45778
5.60132 0.0150838 5.4584
5.33333 0.0149788 5.46016
5.35199 0.0148529 5.45861
5.43125 0.0146783 5.45733
5.47134 0.0145055 5.45702
5.48929 0.0143407 5.45719
5.52055 0.0141934 5.45756
5.44058 0.0140326 5.45829
5.58985 0.0139528 5.45808
5.42985 0.0138009 5.45956
5.32184 0.0137316 5.45923
5.34992 0.013632 5.45772
5.44988 0.0134848 5.45655
5.37335 0.0133699 5.45648
5.54731 0.0132636 5.4556
5.41943 0.0131304 5.45656
5.67431 0.0131875 5.45618
5.52627 0.0130706 5.45842
5.47345 0.0129387 5.45912
5.31348 0.0128913 5.45926
5.50234 0.0127707 5.4578
5.5638 0.0126871 5.45824
5.37116 0.0125924 5.45928
5.63515 0.012586 5.45842
5.52722 0.0124819 5.46012
5.63431 0.0124716 5.46076
5.52092 0.0123666 5.4624
5.43436 0.0122544 5.46295
5.31868 0.0122131 5.46268
5.63196 0.0122005 5.46136
5.408 0.0121002 5.46291
5.46756 0.0119918 5.46242
5.58605 0.0119354 5.46246
5.55297 0.0118562 5.46356
5.24334 0.0119088 5.46434
5.47176 0.0118059 5.46242
5.55373 0.0117305 5.4625
5.49545 0.0116339 5.46328
5.56298 0.0115659 5.46355
5.26254 0.0115918 5.46439
5.74798 0.0117349 5.46271
5.55837 0.0116634 5.46506
5.39691 0.0115818 5.46583
5.46521 0.011488 5.46527
5.46164 0.0113958 5.46527
5.43025 0.0113084 5.46524
5.38756 0.0112355 5.46496
5.58251 0.0111855 5.46435
5.56136 0.0111235 5.46527
5.64392 0.0111221 5.46602
5.32547 0.0110899 5.46739
5.5893 0.0110449 5.4663
5.59563 0.011004 5.46724
5.24446 0.0110485 5.4682
5.52313 0.0109743 5.46653
5.41092 0.0109011 5.46695
5.3599 0.0108492 5.46654
5.38603 0.0107858 5.46576
5.40284 0.0107173 5.46518
5.28408 0.0107184 5.46473
5.38348 0.0106573 5.46344
5.40246 0.0105905 5.46288
5.45876 0.0105162 5.46245
5.6581 0.010531 5.46243
5.43046 0.0104606 5.46378
5.59123 0.0104254 5.46355
5.2804 0.0104297 5.46443
5.42098 0.0103629 5.46318
5.38964 0.0103048 5.46289
5.45719 0.010236 5.4624
5.27806 0.010241 5.46237
5.50897 0.0101782 5.46114
5.50832 0.0101161 5.46146
5.54229 0.0100638 5.46177
5.53782 0.0100105 5.46229
5.38608 0.0099583 5.46278
5.35619 0.00991772 5.46228
5.45714 0.00985479 5.46161
5.53205 0.00980264 5.46158
5.53122 0.00975077 5.46202
5.5165 0.00969583 5.46246
5.58829 0.00966689 5.46279
5.40835 0.00961337 5.46357
5.36827 0.0095721 5.46323
5.4101 0.00951924 5.46265
5.76625 0.00963723 5.46233
5.4249 0.00958223 5.46416
5.35416 0.00954741 5.46393
5.55159 0.00950512 5.46327
5.20105 0.00957462 5.46379
5.42945 0.00952039 5.46225
5.59085 0.00949445 5.46206
5.40033 0.00944632 5.46281
5.36809 0.00940751 5.46245
5.28036 0.00941095 5.4619
5.56655 0.00937658 5.46087
5.59302 0.00935303 5.46147
5.44551 0.00930081 5.46221
5.30381 0.00929089 5.46212
5.27103 0.00929936 5.46123
5.31258 0.00928372 5.46017
5.26471 0.00929431 5.45936
5.50647 0.00924713 5.45829
5.52465 0.00920375 5.45855
5.49691 0.00915617 5.45891
5.6534 0.00916651 5.45912
5.53273 0.00912562 5.46016
5.43779 0.00907776 5.46055
5.53984 0.00903937 5.46043
5.52504 0.00899801 5.46085
5.43757 0.00895163 5.46119
5.3802 0.00891484 5.46106
5.54327 0.00887886 5.46064
5.45488 0.00883303 5.46107
5.54863 0.00879909 5.46104
5.65158 0.00880764 5.46149
5.3188 0.00879311 5.46246
5.39848 0.00875441 5.46173
5.3059 0.0087453 5.46141
5.43895 0.00870213 5.46063
