     20.4415
     19.3912
      18.757
     18.6283
     18.5496
     18.4992
     17.9445
     17.6347
     17.5043
     17.4782
     17.4483
     17.3883
     17.3165
     17.2941
     17.2201
     17.1802
     17.1587
     17.1583
     17.0808
       17.07
     17.0118
     16.9339
      16.924
     16.8763
     16.8536
     16.8369
     16.8305
     16.8227
     16.8188
     16.8117
     16.7671
     16.7621
     16.7497
     16.7491
     16.7426
     16.7388
     16.7053
      16.672
     16.6698
     16.6402
     16.6256
     16.5986
     16.5478
     16.4666
     16.4506
     16.4304
     16.4231
     16.4172
     16.3975
     16.3852
      16.372
     16.3607
     16.3385
     16.3369
     16.3297
     16.2958
     16.2938
     16.2397
     16.2315
     16.1892
      16.175
     16.1733
      16.165
      16.164
     16.1585
     16.1566
     16.1326
     16.1306
     16.1182
     16.1061
      16.095
     16.0923
     16.0917
      16.064
     16.0336
     16.0241
     16.0141
     16.0032
     15.9655
     15.9575
     15.9317
     15.9078
     15.9028
     15.8852
     15.8754
     15.8688
     15.8375
     15.8375
     15.8283
     15.8261
     15.7982
     15.7858
      15.766
     15.7583
     15.7583
     15.7566
     15.7315
     15.7306
     15.6917
     15.6874
     15.6874
     15.6821
     15.6745
     15.5997
     15.5714
     15.5409
     15.5403
     15.5392
     15.5287
     15.5087
     15.4515
     15.4427
     15.4281
     15.4281
     15.4205
     15.3905
     15.3658
      15.358
     15.3544
     15.3527
     15.3113
     15.3075
     15.3058
     15.3034
     15.3018
     15.2898
     15.2793
     15.2677
     15.2617
     15.2487
     15.2285
     15.2274
     15.2232
     15.1694
     15.1694
     15.1686
     15.1671
     15.1642
     15.1272
     15.1131
     15.1051
     15.0861
     15.0861
     15.0665
     15.0659
     15.0587
     15.0583
     15.0565
     15.0498
     15.0497
     15.0491
     15.0447
     15.0431
     15.0395
      15.025
     14.9962
     14.9949
     14.9567
     14.9541
     14.9494
     14.9394
     14.9261
     14.9226
     14.9208
     14.9024
     14.9007
     14.8684
     14.8461
     14.8329
     14.7947
     14.7928
     14.7906
      14.785
     14.7812
     14.7812
      14.781
     14.7793
      14.722
     14.7104
     14.6976
     14.6965
     14.6896
     14.6894
     14.6868
     14.6835
     14.6766
     14.6761
      14.653
     14.6319
     14.6304
     14.6248
     14.6155
     14.6117
     14.6105
     14.6071
     14.6027
     14.6027
     14.5993
     14.5948
      14.587
     14.5748
     14.5743
     14.5403
      14.538
     14.5375
     14.5291
     14.5202
     14.5097
     14.5081
      14.505
      14.501
     14.5005
     14.5001
     14.4992
     14.4984
     14.4984
     14.4955
     14.4941
     14.4831
     14.4794
      14.478
     14.4457
     14.4395
     14.4393
     14.4371
      14.433
     14.4111
     14.3812
     14.3778
     14.3738
     14.3734
     14.3679
     14.3604
     14.3524
     14.3481
     14.3457
     14.3363
     14.3333
     14.3223
     14.3223
     14.3066
     14.2923
     14.2771
     14.2696
     14.2659
     14.2659
     14.2609
      14.231
     14.2262
     14.2244
     14.1799
     14.1694
     14.1645
     14.1426
     14.1162
     14.1102
     14.1074
     14.1074
     14.1056
     14.1056
     14.1012
     14.0994
     14.0994
     14.0892
     14.0885
     14.0799
     14.0733
     14.0724
     14.0706
     14.0693
     14.0604
     14.0591
      14.059
      14.059
     14.0577
     14.0562
     14.0562
     14.0559
     14.0559
     14.0535
     14.0422
     14.0385
     14.0323
      14.022
      14.022
      14.022
     14.0212
     14.0193
     14.0154
     14.0101
     13.9961
     13.9961
     13.9961
     13.9943
     13.9943
     13.9943
     13.9862
      13.982
     13.9793
     13.9744
     13.9706
     13.9608
     13.9478
     13.9285
     13.9178
     13.9178
     13.8969
     13.8969
     13.8969
     13.8962
      13.877
     13.8711
     13.8711
     13.8694
     13.8693
     13.8677
     13.8677
     13.8677
      13.847
     13.8452
     13.8341
     13.8341
     13.8324
     13.8285
     13.8188
     13.8101
     13.8084
     13.7917
     13.7917
     13.7883
     13.7859
     13.7772
     13.7711
     13.7458
      13.736
     13.7355
     13.7314
     13.7239
     13.7208
     13.7118
     13.6984
     13.6929
     13.6799
     13.6661
     13.6511
     13.6493
     13.6481
     13.6222
     13.6187
      13.617
     13.6153
     13.6153
     13.6153
      13.609
     13.6076
     13.6037
     13.5934
     13.5852
     13.5852
     13.5851
     13.5838
     13.5759
     13.5694
     13.5555
     13.5227
     13.5203
     13.5172
     13.5157
     13.4962
     13.4962
     13.4899
     13.4824
     13.4806
     13.4737
     13.4652
     13.4413
     13.4397
     13.4379
     13.4171
     13.4171
     13.4088
      13.392
     13.3891
     13.3841
     13.3764
      13.374
     13.3621
      13.334
     13.3292
     13.3252
     13.3207
     13.3072
     13.3062
     13.3001
     13.2834
     13.2448
     13.2363
     13.2174
     13.2174
     13.2156
     13.2098
     13.2096
     13.2073
     13.1999
     13.1992
     13.1906
     13.1746
     13.1727
     13.1669
     13.1652
     13.1651
     13.1631
       13.16
      13.159
     13.1547
     13.1439
     13.1308
     13.1287
     13.1248
     13.0705
     13.0525
     13.0432
     13.0403
     13.0356
       13.03
     13.0187
     13.0154
     13.0112
     13.0057
     12.9925
     12.9925
     12.9357
     12.9356
     12.9163
     12.9105
     12.9086
     12.9086
     12.9086
     12.9028
     12.8993
      12.869
     12.8584
     12.8055
     12.8034
     12.8005
     12.7951
     12.7918
     12.7903
     12.7871
     12.7862
     12.7827
     12.7774
     12.7397
     12.7345
     12.7298
     12.7001
     12.6998
     12.6985
      12.698
     12.6967
     12.6896
     12.6843
     12.6829
     12.6711
     12.6693
     12.6693
     12.6669
     12.6515
     12.6498
     12.6498
     12.6481
     12.6378
     12.6355
     12.6347
     12.6159
     12.5923
     12.5881
     12.5653
     12.5652
     12.5545
     12.5182
     12.5135
     12.5056
     12.4701
     12.4549
     12.4369
     12.4256
     12.4256
     12.4088
     12.4048
     12.4024
     12.4024
     12.3972
     12.3955
     12.3912
     12.3894
     12.3894
     12.3039
     12.2754
      12.275
     12.2676
     12.2576
     12.2263
     12.2118
     12.1987
     12.1969
     12.1711
     12.1675
     12.1074
     12.1055
     12.1054
     12.1054
     12.1001
     12.0845
     12.0379
     11.9863
     11.9661
     11.9527
     11.9412
     11.9262
     11.8851
     11.8335
     11.8185
     11.8117
     11.6739
     11.6726
     11.6703
     11.5609
     11.4986
     11.4736
     11.4313
     11.4295
     11.3225
     11.2912
     11.2457
      11.244
     11.2185
     11.2147
     11.1585
      11.155
     10.9307
     10.9172
     10.9172
     10.8891
     10.8891
     10.8847
     10.8166
     10.8044
     10.7781
     10.7781
     10.6867
      10.625
     10.6073
     10.5926
     10.5671
     10.5112
     10.5112
     10.5112
     10.5112
     10.5112
     10.5112
     10.5112
     10.5112
     10.5112
     10.5112
     10.5112
     10.5112
     10.5112
     10.5112
     10.5112
     10.5112
     10.5112
     10.5112
     10.5112
     10.5112
     10.5112
     10.5112
     10.5112
     10.5112
     10.5112
     10.5112
     10.5112
     10.5112
     10.5112
     10.5112
     10.5112
     10.5112
     10.5112
     10.5112
     10.5112
     10.5112
     10.5112
     10.5112
     10.5112
     10.5112
     10.5112
     10.5112
     10.5112
     10.5112
     10.5112
     10.5112
     10.5112
     10.5112
     10.5112
     10.5112
     10.5112
     10.5112
     10.5112
     10.5112
     10.5112
     10.5112
     10.5112
     10.5112
     10.5112
     10.5112
     10.5112
     10.5112
     10.5112
     10.5112
     10.5112
     10.5112
     10.5112
     10.5112
     10.5112
     10.5112
     10.5112
     10.5112
     10.5112
     10.5112
     10.5112
     10.5112
     10.5112
     10.5112
     10.5112
     10.5112
     10.5112
     10.5112
     10.5112
     10.5112
     10.5112
     10.5112
     10.5112
     10.5112
     10.5112
     10.5112
     10.5112
     10.5112
     10.5112
     10.5112
     10.5112
     10.5112
     10.5112
     10.5112
     10.5112
     10.5112
     10.5112
     10.5112
     10.5112
     10.5112
     10.5112
     10.5112
     10.5112
     10.5112
     10.5112
     10.5112
     10.5112
     10.5112
     10.5112
     10.5112
     10.5112
     10.5112
     10.5112
     10.5112
     10.5112
     10.5112
     10.5112
     10.5112
     10.5112
     10.5112
     10.5112
     10.5112
     10.5112
     10.5112
     10.5112
     10.5112
     10.5112
     10.5112
     10.5112
     10.5112
     10.5112
     10.5112
     10.5112
     10.5112
     10.5112
     10.5112
     10.5112
     10.5112
     10.5112
     10.5112
     10.5112
     10.5112
     10.5112
     10.5112
     10.5112
     10.5112
     10.5112
     10.5112
     10.5112
     10.5112
     10.5112
     10.5112
     10.5112
     10.5112
     10.5112
     10.5112
     10.5112
     10.5112
     10.5112
     10.5112
     10.5112
     10.5112
     10.5112
     10.5112
     10.5112
     10.5112
     10.5112
     10.5112
     10.5112
     10.5112
     10.5112
     10.5112
     10.5112
     10.5112
     10.5112
     10.5112
     10.5112
     10.5112
     10.5112
     10.5112
     10.5112
     10.5112
     10.5112
     10.5112
     10.5112
     10.5112
     10.5112
     10.5112
     10.5112
     10.5112
     10.5112
     10.5112
     10.5112
     10.5112
     10.5112
     10.5112
     10.5112
     10.5112
     10.5112
     10.5112
     10.5112
     10.5112
     10.5112
     10.5112
     10.5112
     10.5112
     10.5112
     10.5112
     10.5112
     10.5112
     10.5112
     10.5112
     10.5112
     10.5112
     10.5112
     10.5112
     10.5112
     10.5112
     10.5112
     10.5112
     10.5112
     10.5112
     10.5112
     10.5094
     10.5094
     10.5094
     10.5094
     10.5094
     10.5094
     10.5094
     10.5094
     10.5094
     10.5094
     10.5094
     10.5094
     10.5094
     10.5094
     10.5094
     10.5094
     10.5094
     10.5094
     10.5094
     10.5094
     10.5094
     10.5094
     10.5094
     10.5094
     10.5094
     10.5094
     10.5094
     10.5094
     10.5094
     10.5094
     10.5094
     10.5094
     10.5094
     10.5094
     10.5094
     10.5094
     10.5094
     10.5094
     10.5094
     10.5094
     10.5094
     10.5094
     10.5094
     10.5094
     10.5094
     10.5094
     10.5094
     10.5094
     10.5094
     10.5094
     10.5094
     10.5094
     10.5094
     10.5094
     10.5094
     10.5094
     10.5094
     10.5094
     10.5094
     10.5094
     10.5094
     10.5094
     10.5094
     10.5094
     10.5094
     10.5094
     10.5094
     10.5094
     10.5094
     10.5094
     10.5094
     10.5094
     10.5094
     10.5094
     10.5094
     10.5094
     10.5094
     10.5094
     10.5094
     10.5094
     10.5094
     10.5094
     10.5094
     10.5094
     10.5094
     10.5094
     10.5094
     10.5094
     10.5094
     10.5094
     10.5094
     10.5094
     10.5094
     10.5094
     10.5094
     10.5094
     10.5094
     10.5094
     10.5094
     10.5094
     10.5094
     10.5094
     10.5094
     10.5094
     10.5094
     10.5094
     10.5094
     10.5094
     10.5094
     10.5094
     10.5094
     10.5094
     10.5094
     10.5094
     10.5094
     10.5094
     10.5094
     10.5094
     10.5094
     10.5094
     10.5094
     10.5094
     10.5094
     10.5094
     10.5094
     10.5094
     10.5094
     10.5094
     10.5094
     10.5094
     10.5094
     10.5094
     10.5094
     10.5094
     10.5094
     10.5094
     10.5094
     10.5094
     10.5094
     10.5094
     10.5094
     10.5094
     10.5094
     10.5094
     10.5094
     10.5094
     10.5094
     10.5094
     10.5094
     10.5094
     10.5094
     10.5094
     10.5094
     10.5094
     10.5094
     10.5094
     10.5094
     10.5094
     10.5094
     10.5094
     10.5094
     10.5094
     10.5094
     10.5094
     10.5094
     10.5094
     10.5094
     10.5094
     10.5094
     10.5094
     10.5094
     10.5094
     10.5094
     10.5094
     10.5094
     10.5094
     10.5094
     10.5094
     10.5094
     10.5094
     10.5094
     10.5094
     10.5094
     10.5094
     10.5094
     10.5094
     10.5094
     10.5094
     10.5094
     10.5094
     10.5094
     10.5094
     10.5094
     10.5094
     10.5094
     10.5094
     10.5094
     10.5094
     10.5094
     10.5094
     10.5094
     10.5094
     10.5094
     10.5094
     10.5094
     10.5094
     10.5094
     10.5094
     10.5094
     10.5094
     10.5094
     10.5094
     10.5094
     10.5094
     10.5094
     10.5094
     10.5094
     10.5094
