      T:         <H>:          err:          mu:           sigma:        acc?
      10.000      -0.029       0.006       1.061       0.489           1
      10.000      -0.059       0.006       1.013       0.482           1
      10.000      -0.049       0.008       0.981       0.465           1
      10.000      -0.044       0.010       0.952       0.455           1
      10.000       0.092       0.010       0.978       0.439           1
      10.000       0.132       0.010       0.955       0.429           1
      10.000       0.197       0.012       0.954       0.418           1
      10.000       0.262       0.011       0.948       0.411           1
      10.000       0.128       0.011       0.920       0.426           1
      10.000       0.126       0.011       0.878       0.422           1
      10.000       0.020       0.010       0.892       0.440           1
      10.000       0.006       0.009       0.920       0.446           1
      10.000      -0.100       0.007       0.909       0.465           1
      10.000      -0.005       0.009       0.950       0.453           1
      10.000      -0.004       0.010       0.936       0.450           1
      10.000       0.095       0.009       0.951       0.432           1
      10.000       0.067       0.008       0.996       0.447           1
      10.000       0.131       0.008       0.979       0.432           1
      10.000       0.124       0.011       0.947       0.429           1
      10.000       0.092       0.010       0.906       0.433           1
      10.000       0.129       0.011       0.934       0.425           1
      10.000       0.089       0.010       0.886       0.431           1
      10.000       0.077       0.009       0.919       0.433           1
      10.000       0.187       0.010       0.956       0.418           1
      10.000       0.306       0.011       0.976       0.403           1
      10.000       0.212       0.011       0.985       0.416           1
      10.000       0.189       0.010       1.007       0.424           1
      10.000       0.168       0.009       1.032       0.431           1
      10.000       0.260       0.011       1.053       0.417           1
      10.000       0.329       0.013       1.067       0.403           1
      10.000       0.349       0.012       1.051       0.399           1
      10.000       0.411       0.015       1.074       0.395           1
      10.000       0.358       0.014       1.025       0.396           1
      10.000       0.410       0.014       1.057       0.390           1
      10.000       0.580       0.015       1.083       0.375           1
      10.000       0.431       0.013       1.103       0.393           1
      10.000       0.377       0.013       1.081       0.399           1
      10.000       0.375       0.011       1.088       0.403           1
      10.000       0.306       0.011       1.110       0.418           1
      10.000       0.248       0.010       1.112       0.429           1
      10.000       0.267       0.009       1.115       0.426           1
      10.000       0.326       0.009       1.127       0.415           1
      10.000       0.197       0.010       1.101       0.433           1
      10.000       0.184       0.009       1.056       0.432           1
      10.000       0.144       0.009       1.083       0.443           1
      10.000       0.044       0.008       1.034       0.455           1
      10.000       0.103       0.008       1.081       0.457           1
      10.000       0.188       0.009       1.122       0.450           1
      10.000       0.321       0.008       1.168       0.434           1
      10.000       0.317       0.009       1.149       0.427           1
      10.000       0.461       0.010       1.186       0.411           1
      10.000       0.519       0.010       1.221       0.414           1
      10.000       0.475       0.009       1.213       0.423           1
      10.000       0.391       0.009       1.194       0.431           1
      10.000       0.456       0.012       1.191       0.412           1
      10.000       0.375       0.010       1.173       0.426           1
      10.000       0.360       0.008       1.192       0.439           1
      10.000       0.518       0.010       1.234       0.424           1
      10.000       0.645       0.010       1.264       0.411           1
      10.000       0.452       0.009       1.215       0.425           1
      10.000       0.559       0.009       1.259       0.432           1
      10.000       0.637       0.010       1.293       0.449           1
      10.000       0.719       0.010       1.309       0.439           1
      10.000       0.646       0.009       1.283       0.434           1
      10.000       0.568       0.009       1.238       0.417           1
      10.000       0.533       0.008       1.246       0.427           1
      10.000       0.429       0.009       1.222       0.441           1
      10.000       0.444       0.008       1.240       0.459           1
      10.000       0.331       0.008       1.203       0.462           1
      10.000       0.430       0.010       1.246       0.480           1
      10.000       0.552       0.011       1.281       0.490           1
      10.000       0.637       0.012       1.303       0.481           1
      10.000       0.574       0.011       1.289       0.499           1
      10.000       0.613       0.011       1.305       0.504           1
      10.000       0.851       0.013       1.348       0.486           1
      10.000       0.871       0.013       1.350       0.473           1
      10.000       0.714       0.012       1.317       0.465           1
      10.000       0.913       0.013       1.366       0.474           1
      10.000       0.846       0.012       1.349       0.483           1
      10.000       0.620       0.011       1.301       0.488           1
      10.000       0.815       0.013       1.339       0.491           1
      10.000       0.905       0.014       1.361       0.476           1
      10.000       0.774       0.011       1.329       0.461           1
      10.000       0.597       0.011       1.294       0.470           1
      10.000       0.699       0.010       1.316       0.476           1
      10.000       0.775       0.012       1.339       0.489           1
      10.000       0.802       0.013       1.346       0.483           1
      10.000       0.885       0.013       1.355       0.483           1
      10.000       0.704       0.011       1.317       0.464           1
      10.000       0.920       0.009       1.356       0.450           1
       9.500       0.731       0.011       1.314       0.443           1
       9.500       0.722       0.012       1.303       0.425           1
       9.500       0.683       0.010       1.275       0.413           1
       9.500       0.501       0.010       1.228       0.420           1
       9.500       0.452       0.009       1.215       0.433           1
       9.500       0.381       0.007       1.207       0.445           1
       9.500       0.511       0.009       1.253       0.447           1
       9.500       0.527       0.011       1.245       0.429           1
       9.500       0.408       0.008       1.222       0.448           1
       9.500       0.472       0.009       1.252       0.462           1
       9.500       0.456       0.009       1.252       0.475           1
       9.500       0.469       0.012       1.260       0.490           1
       9.500       0.332       0.009       1.213       0.472           1
       9.500       0.387       0.008       1.228       0.474           1
       9.500       0.329       0.009       1.218       0.478           1
       9.500       0.358       0.008       1.216       0.466           1
       9.500       0.264       0.009       1.193       0.483           1
       9.500       0.161       0.008       1.171       0.502           1
       9.500       0.259       0.008       1.198       0.486           1
       9.500       0.396       0.011       1.247       0.498           1
       9.500       0.293       0.009       1.209       0.503           1
       9.500       0.295       0.008       1.207       0.485           1
       9.500       0.170       0.008       1.165       0.490           1
       9.500       0.116       0.006       1.155       0.508           1
       9.500       0.177       0.008       1.169       0.498           1
       9.500       0.199       0.007       1.176       0.489           1
       9.500       0.110       0.008       1.150       0.503           1
       9.500       0.140       0.007       1.153       0.489           1
       9.500       0.113       0.008       1.111       0.470           1
       9.500       0.122       0.007       1.116       0.465           1
       9.500      -0.011       0.007       1.067       0.484           1
       9.500      -0.107       0.006       1.022       0.494           1
       9.500      -0.073       0.006       1.048       0.498           1
       9.500      -0.094       0.007       0.999       0.486           1
       9.500      -0.142       0.005       1.006       0.505           1
       9.500      -0.195       0.006       0.985       0.511           1
       9.500      -0.170       0.005       1.032       0.530           1
       9.500      -0.120       0.005       1.050       0.527           1
       9.500      -0.222       0.006       1.002       0.538           1
       9.500      -0.277       0.004       0.958       0.536           1
       9.500      -0.323       0.004       0.918       0.538           1
       9.500      -0.352       0.004       0.917       0.553           1
       9.500      -0.322       0.004       0.948       0.550           1
       9.500      -0.325       0.004       0.944       0.552           1
       9.500      -0.360       0.003       0.894       0.546           1
       9.500      -0.397       0.003       0.858       0.555           1
       9.500      -0.378       0.003       0.881       0.554           1
       9.500      -0.356       0.004       0.920       0.555           1
       9.500      -0.381       0.004       0.907       0.574           1
       9.500      -0.384       0.004       0.872       0.556           1
       9.500      -0.402       0.003       0.860       0.561           1
       9.500      -0.400       0.003       0.880       0.571           1
       9.500      -0.373       0.004       0.921       0.577           1
       9.500      -0.403       0.003       0.898       0.580           1
       9.500      -0.403       0.003       0.863       0.567           1
       9.500      -0.409       0.003       0.881       0.584           1
       9.500      -0.434       0.003       0.844       0.602           1
       9.500      -0.433       0.003       0.850       0.604           1
       9.500      -0.410       0.003       0.897       0.602           1
       9.500      -0.437       0.003       0.850       0.614           1
       9.500      -0.438       0.003       0.850       0.613           1
       9.500      -0.431       0.003       0.850       0.597           1
       9.500      -0.429       0.004       0.868       0.616           1
       9.500      -0.440       0.003       0.822       0.599           1
       9.500      -0.436       0.003       0.847       0.602           1
       9.500      -0.440       0.004       0.839       0.622           1
       9.500      -0.433       0.007       0.824       0.617           1
       9.500      -0.436       0.003       0.775       0.621           1
       9.500      -0.439       0.003       0.777       0.631           1
       9.500      -0.428       0.003       0.756       0.649           1
       9.500      -0.419       0.003       0.723       0.636           1
       9.500      -0.431       0.003       0.739       0.620           1
       9.500      -0.416       0.003       0.716       0.617           1
       9.500      -0.388       0.003       0.675       0.622           1
       9.500      -0.387       0.004       0.672       0.640           1
       9.500      -0.406       0.003       0.705       0.624           1
       9.500      -0.377       0.003       0.664       0.608           1
       9.500      -0.356       0.004       0.644       0.610           1
       9.500      -0.388       0.004       0.670       0.625           1
       9.500      -0.412       0.003       0.705       0.644           1
       9.500      -0.370       0.003       0.656       0.634           1
       9.500      -0.379       0.003       0.658       0.633           1
       9.500      -0.411       0.003       0.708       0.619           1
       9.500      -0.429       0.003       0.733       0.621           1
       9.500      -0.439       0.003       0.775       0.602           1
       9.025      -0.437       0.002       0.763       0.607           1
       9.025      -0.438       0.003       0.779       0.612           1
       9.025      -0.433       0.003       0.752       0.595           1
       9.025      -0.416       0.003       0.716       0.588           1
       9.025      -0.408       0.003       0.717       0.583           1
       9.025      -0.409       0.003       0.713       0.569           1
       9.025      -0.428       0.003       0.761       0.574           1
       9.025      -0.438       0.002       0.762       0.591           1
       9.025      -0.429       0.003       0.780       0.571           1
       9.025      -0.411       0.003       0.755       0.566           1
       9.025      -0.377       0.004       0.711       0.549           1
       9.025      -0.397       0.004       0.757       0.542           1
       9.025      -0.374       0.004       0.763       0.531           1
       9.025      -0.346       0.004       0.802       0.522           1
       9.025      -0.362       0.004       0.797       0.524           1
       9.025      -0.377       0.004       0.808       0.534           1
       9.025      -0.357       0.005       0.837       0.531           1
       9.025      -0.351       0.003       0.880       0.535           1
       9.025      -0.301       0.004       0.912       0.527           1
       9.025      -0.291       0.005       0.884       0.514           1
       9.025      -0.275       0.006       0.856       0.499           1
       9.025      -0.274       0.006       0.886       0.506           1
       9.025      -0.238       0.006       0.879       0.494           1
       9.025      -0.238       0.007       0.829       0.488           1
       9.025      -0.207       0.008       0.806       0.477           1
       9.025      -0.182       0.009       0.800       0.472           1
       9.025      -0.182       0.007       0.838       0.474           1
       9.025      -0.203       0.007       0.875       0.483           1
       9.025      -0.264       0.007       0.838       0.494           1
       9.025      -0.298       0.005       0.866       0.510           1
       9.025      -0.287       0.005       0.866       0.508           1
       9.025      -0.232       0.006       0.914       0.500           1
       9.025      -0.222       0.006       0.940       0.501           1
       9.025      -0.230       0.005       0.960       0.517           1
       9.025      -0.256       0.005       0.920       0.509           1
       9.025      -0.267       0.005       0.889       0.505           1
       9.025      -0.246       0.006       0.871       0.493           1
       9.025      -0.241       0.007       0.850       0.492           1
       9.025      -0.288       0.006       0.866       0.505           1
       9.025      -0.311       0.005       0.852       0.513           1
       9.025      -0.258       0.006       0.900       0.506           1
       9.025      -0.298       0.005       0.906       0.521           1
       9.025      -0.265       0.005       0.900       0.507           1
       9.025      -0.300       0.005       0.873       0.514           1
       9.025      -0.322       0.004       0.883       0.525           1
       9.025      -0.243       0.005       0.922       0.508           1
       9.025      -0.226       0.005       0.941       0.505           1
       9.025      -0.216       0.005       0.941       0.505           0
       9.025      -0.275       0.005       0.935       0.519           1
       9.025      -0.271       0.005       0.893       0.506           1
       9.025      -0.236       0.005       0.905       0.501           1
       9.025      -0.306       0.005       0.894       0.520           1
       9.025      -0.305       0.005       0.844       0.512           1
       9.025      -0.289       0.005       0.834       0.503           1
       9.025      -0.330       0.005       0.794       0.514           1
       9.025      -0.324       0.005       0.812       0.511           1
       9.025      -0.341       0.005       0.807       0.518           1
       9.025      -0.346       0.005       0.806       0.516           1
       9.025      -0.358       0.004       0.779       0.522           1
       9.025      -0.309       0.006       0.781       0.502           1
       9.025      -0.303       0.006       0.821       0.507           1
       9.025      -0.304       0.005       0.772       0.501           1
       9.025      -0.312       0.005       0.780       0.505           1
       9.025      -0.245       0.006       0.804       0.487           1
       9.025      -0.225       0.007       0.830       0.484           1
       9.025      -0.213       0.008       0.825       0.480           1
       9.025      -0.228       0.007       0.839       0.484           1
       9.025      -0.214       0.007       0.825       0.481           1
       9.025      -0.288       0.006       0.776       0.498           1
       9.025      -0.241       0.005       0.726       0.484           1
       9.025      -0.256       0.006       0.717       0.486           1
       9.025      -0.229       0.009       0.738       0.479           1
       9.025      -0.282       0.006       0.706       0.492           1
       9.025      -0.208       0.007       0.703       0.473           1
       9.025      -0.265       0.006       0.724       0.489           1
       9.025      -0.247       0.007       0.681       0.484           1
       9.025      -0.260       0.005       0.710       0.486           1
       9.025      -0.267       0.006       0.665       0.500           1
       9.025      -0.282       0.006       0.630       0.514           1
       9.025      -0.323       0.005       0.656       0.531           1
       9.025      -0.293       0.005       0.615       0.539           1
       8.574      -0.229       0.006       0.573       0.525           1
       8.574      -0.214       0.006       0.568       0.515           1
       8.574      -0.214       0.005       0.589       0.505           1
       8.574      -0.182       0.006       0.556       0.512           1
       8.574      -0.194       0.006       0.550       0.527           1
       8.574      -0.170       0.005       0.531       0.541           1
       8.574      -0.175       0.006       0.522       0.553           1
       8.574      -0.147       0.006       0.508       0.555           1
       8.574      -0.076       0.006       0.467       0.543           1
       8.574      -0.137       0.006       0.508       0.543           1
       8.574      -0.063       0.006       0.459       0.558           1
       8.574      -0.096       0.007       0.471       0.567           1
       8.574      -0.082       0.006       0.453       0.572           1
       8.574      -0.014       0.007       0.426       0.557           1
       8.574      -0.018       0.006       0.426       0.573           1
       8.574      -0.040       0.007       0.431       0.570           1
       8.574       0.043       0.009       0.394       0.565           1
       8.574      -0.007       0.006       0.429       0.562           1
       8.574      -0.018       0.006       0.418       0.579           1
       8.574       0.059       0.008       0.380       0.565           1
       8.574       0.119       0.008       0.360       0.554           1
       8.574       0.143       0.008       0.334       0.566           1
       8.574       0.082       0.008       0.383       0.554           1
       8.574       0.015       0.007       0.428       0.543           1
       8.574       0.019       0.007       0.435       0.524           1
       8.574       0.101       0.008       0.387       0.521           1
       8.574       0.094       0.008       0.398       0.523           1
       8.574       0.081       0.007       0.412       0.517           1
       8.574       0.066       0.007       0.411       0.533           1
       8.574      -0.011       0.007       0.439       0.531           1
       8.574      -0.083       0.007       0.483       0.532           1
       8.574      -0.139       0.006       0.514       0.539           1
       8.574      -0.096       0.005       0.473       0.556           1
       8.574      -0.172       0.006       0.518       0.558           1
       8.574      -0.232       0.006       0.562       0.555           1
       8.574      -0.279       0.005       0.590       0.561           1
       8.574      -0.330       0.004       0.637       0.563           1
       8.574      -0.288       0.005       0.606       0.556           1
       8.574      -0.292       0.004       0.602       0.563           1
       8.574      -0.247       0.005       0.569       0.571           1
       8.574      -0.190       0.006       0.521       0.576           1
       8.574      -0.195       0.005       0.529       0.571           1
       8.574      -0.244       0.005       0.552       0.580           1
       8.574      -0.296       0.005       0.601       0.566           1
       8.574      -0.222       0.006       0.560       0.550           1
       8.574      -0.242       0.005       0.575       0.543           1
       8.574      -0.199       0.006       0.541       0.549           1
       8.574      -0.207       0.006       0.554       0.533           1
       8.574      -0.270       0.006       0.592       0.544           1
       8.574      -0.288       0.005       0.612       0.551           1
       8.574      -0.227       0.006       0.571       0.532           1
       8.574      -0.227       0.006       0.577       0.526           1
       8.574      -0.266       0.005       0.598       0.532           1
       8.574      -0.288       0.006       0.601       0.550           1
       8.574      -0.259       0.006       0.581       0.540           1
       8.574      -0.303       0.004       0.613       0.559           1
       8.574      -0.340       0.004       0.631       0.576           1
       8.574      -0.356       0.004       0.651       0.570           1
       8.574      -0.351       0.004       0.658       0.559           1
       8.574      -0.325       0.005       0.614       0.577           1
       8.574      -0.364       0.004       0.660       0.564           1
       8.574      -0.340       0.005       0.627       0.578           1
       8.574      -0.353       0.004       0.643       0.572           1
       8.574      -0.314       0.004       0.621       0.566           1
       8.574      -0.351       0.004       0.643       0.574           1
       8.574      -0.337       0.004       0.640       0.572           1
       8.574      -0.338       0.004       0.637       0.567           1
       8.574      -0.353       0.004       0.651       0.571           1
       8.574      -0.351       0.004       0.655       0.557           1
       8.574      -0.348       0.005       0.645       0.558           1
       8.574      -0.297       0.005       0.612       0.545           1
       8.574      -0.301       0.004       0.609       0.562           1
       8.574      -0.243       0.005       0.570       0.551           1
       8.574      -0.172       0.006       0.532       0.556           1
       8.574      -0.256       0.005       0.581       0.545           1
       8.574      -0.201       0.005       0.550       0.546           1
       8.574      -0.175       0.005       0.533       0.549           1
       8.145      -0.205       0.006       0.547       0.554           1
       8.145      -0.222       0.006       0.550       0.573           1
       8.145      -0.259       0.005       0.563       0.575           1
       8.145      -0.225       0.006       0.538       0.582           1
       8.145      -0.257       0.005       0.555       0.598           1
       8.145      -0.243       0.005       0.542       0.603           1
       8.145      -0.225       0.005       0.530       0.608           1
       8.145      -0.259       0.005       0.559       0.612           1
       8.145      -0.329       0.004       0.604       0.630           1
       8.145      -0.298       0.004       0.590       0.613           1
       8.145      -0.332       0.004       0.613       0.615           1
       8.145      -0.283       0.005       0.572       0.620           1
       8.145      -0.256       0.005       0.552       0.615           1
       8.145      -0.292       0.005       0.577       0.631           1
       8.145      -0.313       0.004       0.597       0.620           1
       8.145      -0.317       0.004       0.610       0.604           1
       8.145      -0.357       0.004       0.639       0.608           1
       8.145      -0.318       0.004       0.605       0.593           1
       8.145      -0.260       0.005       0.560       0.598           1
       8.145      -0.233       0.006       0.538       0.603           1
       8.145      -0.190       0.006       0.525       0.586           1
       8.145      -0.184       0.006       0.515       0.590           1
       8.145      -0.109       0.006       0.473       0.580           1
       8.145      -0.127       0.006       0.481       0.575           1
       8.145      -0.125       0.007       0.485       0.574           1
       8.145      -0.203       0.006       0.528       0.583           1
       8.145      -0.159       0.006       0.507       0.571           1
       8.145      -0.206       0.006       0.525       0.589           1
       8.145      -0.205       0.005       0.530       0.578           1
       8.145      -0.126       0.007       0.489       0.574           1
       8.145      -0.070       0.007       0.439       0.587           1
       8.145      -0.021       0.007       0.411       0.601           1
       8.145      -0.100       0.007       0.449       0.607           1
       8.145      -0.074       0.007       0.439       0.596           1
       8.145      -0.076       0.006       0.448       0.578           1
       8.145      -0.100       0.007       0.472       0.562           1
       8.145      -0.108       0.007       0.489       0.547           1
       8.145      -0.059       0.007       0.466       0.533           1
       8.145      -0.000       0.007       0.447       0.518           1
       8.145      -0.001       0.007       0.458       0.504           1
       8.145       0.037       0.007       0.435       0.509           1
       8.145       0.144       0.008       0.388       0.509           1
       8.145       0.110       0.007       0.411       0.495           1
       8.145      -0.001       0.007       0.459       0.500           1
       8.145      -0.111       0.007       0.505       0.510           1
       8.145      -0.046       0.007       0.484       0.495           1
       8.145       0.025       0.007       0.445       0.501           1
       8.145      -0.040       0.006       0.484       0.487           1
       8.145       0.014       0.007       0.473       0.477           1
       8.145      -0.011       0.008       0.484       0.467           1
       8.145      -0.086       0.007       0.529       0.476           1
       8.145      -0.081       0.007       0.512       0.487           1
       8.145      -0.075       0.005       0.512       0.487           0
       8.145      -0.139       0.006       0.531       0.504           1
       8.145      -0.095       0.007       0.515       0.503           1
       8.145      -0.120       0.007       0.542       0.487           1
       8.145      -0.058       0.007       0.515       0.468           1
       8.145      -0.064       0.007       0.510       0.481           1
       8.145      -0.026       0.008       0.499       0.462           1
       8.145       0.004       0.008       0.471       0.481           1
       8.145       0.009       0.006       0.468       0.486           1
       8.145       0.013       0.008       0.464       0.481           1
       8.145      -0.042       0.007       0.502       0.473           1
       8.145      -0.004       0.008       0.481       0.468           1
       8.145       0.022       0.007       0.467       0.469           1
       8.145      -0.029       0.008       0.508       0.459           1
       8.145      -0.047       0.008       0.507       0.474           1
       8.145       0.035       0.008       0.466       0.472           1
       8.145       0.045       0.007       0.449       0.491           1
       8.145       0.088       0.006       0.420       0.501           1
       8.145       0.031       0.008       0.443       0.500           1
       8.145       0.100       0.009       0.400       0.510           1
       8.145       0.240       0.009       0.351       0.495           1
       7.738       0.264       0.008       0.335       0.508           1
       7.738       0.293       0.009       0.324       0.506           1
       7.738       0.196       0.008       0.361       0.512           1
       7.738       0.178       0.009       0.370       0.506           1
       7.738       0.137       0.008       0.389       0.513           1
       7.738       0.172       0.008       0.362       0.524           1
       7.738       0.194       0.008       0.342       0.536           1
       7.738       0.196       0.009       0.347       0.519           1
       7.738       0.176       0.009       0.353       0.524           1
       7.738       0.130       0.007       0.391       0.514           1
       7.738       0.060       0.007       0.405       0.529           1
       7.738       0.127       0.008       0.389       0.516           1
       7.738       0.104       0.008       0.405       0.506           1
       7.738       0.008       0.007       0.447       0.512           1
       7.738       0.029       0.008       0.437       0.506           1
       7.738       0.148       0.009       0.387       0.505           1
       7.738       0.103       0.007       0.421       0.486           1
       7.738       0.142       0.007       0.425       0.471           1
       7.738       0.163       0.008       0.400       0.481           1
       7.738       0.138       0.008       0.420       0.462           1
       7.738       0.237       0.007       0.384       0.462           1
       7.738       0.335       0.009       0.360       0.447           1
       7.738       0.471       0.010       0.311       0.446           1
       7.738       0.510       0.009       0.277       0.457           1
       7.738       0.563       0.011       0.257       0.462           1
       7.738       0.620       0.011       0.239       0.462           1
       7.738       0.521       0.010       0.275       0.460           1
       7.738       0.583       0.009       0.266       0.452           1
       7.738       0.722       0.011       0.229       0.441           1
       7.738       0.771       0.014       0.180       0.456           1
       7.738       0.765       0.013       0.144       0.472           1
       7.738       0.705       0.012       0.166       0.473           1
       7.738       0.619       0.011       0.193       0.486           1
       7.738       0.574       0.010       0.217       0.480           1
       7.738       0.683       0.011       0.187       0.473           1
       7.738       0.575       0.010       0.232       0.479           1
       7.738       0.539       0.010       0.223       0.493           1
       7.738       0.619       0.012       0.214       0.475           1
       7.738       0.614       0.010       0.191       0.490           1
       7.738       0.668       0.013       0.145       0.488           1
       7.738       0.649       0.011       0.121       0.501           1
       7.738       0.596       0.011       0.135       0.512           1
       7.738       0.572       0.011       0.156       0.511           1
       7.738       0.567       0.011       0.170       0.507           1
       7.738       0.650       0.010       0.121       0.505           1
       7.738       0.570       0.011       0.106       0.525           1
       7.738       0.535       0.010       0.115       0.537           1
       7.738       0.532       0.010       0.082       0.544           1
       7.738       0.541       0.010       0.121       0.529           1
       7.738       0.420       0.011       0.164       0.548           1
       7.738       0.403       0.011       0.201       0.543           1
       7.738       0.297       0.010       0.229       0.554           1
       7.738       0.365       0.011       0.221       0.544           1
       7.738       0.353       0.009       0.253       0.535           1
       7.738       0.295       0.009       0.277       0.548           1
       7.738       0.343       0.010       0.250       0.538           1
       7.738       0.328       0.010       0.248       0.538           1
       7.738       0.450       0.012       0.208       0.518           1
       7.738       0.462       0.010       0.191       0.533           1
       7.738       0.447       0.010       0.163       0.540           1
       7.738       0.509       0.010       0.145       0.534           1
       7.738       0.628       0.012       0.101       0.516           1
       7.738       0.704       0.011       0.096       0.497           1
       7.738       0.679       0.009       0.095       0.504           1
       7.738       0.579       0.012       0.143       0.513           1
       7.738       0.503       0.011       0.162       0.532           1
       7.738       0.609       0.010       0.122       0.516           1
       7.738       0.512       0.010       0.168       0.521           1
       7.738       0.537       0.011       0.164       0.517           1
       7.351       0.680       0.012       0.114       0.499           1
       7.351       0.761       0.012       0.094       0.489           1
       7.351       0.721       0.011       0.063       0.499           1
       7.351       0.789       0.011       0.075       0.486           1
       7.351       0.862       0.012       0.068       0.467           1
       7.351       0.883       0.013       0.072       0.468           1
       7.351       0.777       0.013       0.107       0.479           1
       7.351       0.923       0.014       0.070       0.461           1
       7.351       0.876       0.013       0.025       0.471           1
       7.351       0.888       0.013      -0.018       0.476           1
       7.351       0.863       0.013      -0.062       0.476           1
       7.351       0.835       0.012      -0.027       0.480           1
       7.351       0.847       0.012      -0.003       0.476           1
       7.351       0.932       0.013      -0.023       0.465           1
       7.351       0.840       0.013      -0.020       0.477           1
       7.351       0.907       0.013      -0.061       0.467           1
       7.351       0.877       0.016      -0.069       0.467           1
       7.351       0.988       0.016      -0.055       0.449           1
       7.351       1.108       0.015      -0.037       0.436           1
       7.351       1.062       0.012      -0.055       0.439           1
       7.351       1.059       0.015      -0.088       0.432           1
       7.351       1.004       0.013      -0.100       0.440           1
       7.351       0.934       0.012      -0.088       0.455           1
       7.351       0.957       0.013      -0.109       0.445           1
       7.351       0.961       0.011      -0.124       0.442           1
       7.351       1.054       0.015      -0.124       0.429           1
       7.351       1.072       0.016      -0.100       0.430           1
       7.351       1.070       0.015      -0.092       0.430           1
       7.351       0.961       0.013      -0.125       0.443           1
       7.351       1.055       0.013      -0.101       0.431           1
       7.351       1.008       0.015      -0.092       0.439           1
       7.351       1.113       0.014      -0.089       0.425           1
       7.351       1.066       0.015      -0.103       0.430           1
       7.351       0.972       0.013      -0.133       0.437           1
       7.351       0.856       0.013      -0.146       0.455           1
       7.351       0.699       0.012      -0.193       0.467           1
       7.351       0.738       0.012      -0.199       0.452           1
       7.351       0.694       0.009      -0.208       0.458           1
       7.351       0.758       0.012      -0.171       0.458           1
       7.351       0.824       0.012      -0.141       0.460           1
       7.351       0.882       0.012      -0.116       0.460           1
       7.351       0.875       0.013      -0.118       0.455           1
       7.351       0.852       0.013      -0.150       0.451           1
       7.351       0.688       0.010      -0.186       0.469           1
       7.351       0.844       0.012      -0.151       0.450           1
       7.351       0.932       0.012      -0.127       0.445           1
       7.351       0.958       0.011      -0.138       0.438           1
       7.351       0.893       0.011      -0.129       0.456           1
       7.351       0.963       0.013      -0.132       0.440           1
       7.351       0.886       0.012      -0.164       0.441           1
       7.351       0.736       0.012      -0.195       0.458           1
       7.351       0.753       0.011      -0.150       0.469           1
       7.351       0.909       0.013      -0.117       0.455           1
       7.351       0.714       0.013      -0.163       0.471           1
       7.351       0.738       0.009      -0.196       0.457           1
       7.351       0.637       0.011      -0.205       0.475           1
       7.351       0.521       0.011      -0.237       0.490           1
       7.351       0.502       0.011      -0.221       0.499           1
       7.351       0.570       0.009      -0.228       0.482           1
       7.351       0.481       0.010      -0.252       0.493           1
       7.351       0.443       0.009      -0.272       0.492           1
       7.351       0.457       0.011      -0.282       0.474           1
       7.351       0.562       0.010      -0.258       0.464           1
       7.351       0.428       0.011      -0.289       0.481           1
       7.351       0.530       0.011      -0.245       0.482           1
       7.351       0.649       0.011      -0.216       0.464           1
       6.983       0.826       0.011      -0.167       0.452           1
       6.983       0.734       0.013      -0.216       0.439           1
       6.983       0.663       0.011      -0.228       0.450           1
       6.983       0.715       0.011      -0.219       0.453           1
       6.983       0.577       0.011      -0.245       0.463           1
       6.983       0.623       0.011      -0.234       0.462           1
       6.983       0.606       0.009      -0.228       0.468           1
       6.983       0.637       0.010      -0.244       0.452           1
       6.983       0.566       0.010      -0.259       0.460           1
       6.983       0.675       0.010      -0.236       0.451           1
       6.983       0.574       0.011      -0.248       0.467           1
       6.983       0.698       0.012      -0.200       0.461           1
       6.983       0.624       0.010      -0.241       0.455           1
       6.983       0.646       0.011      -0.212       0.467           1
       6.983       0.681       0.009      -0.188       0.480           1
       6.983       0.666       0.011      -0.158       0.487           1
       6.983       0.705       0.010      -0.131       0.486           1
       6.983       0.726       0.012      -0.142       0.482           1
       6.983       0.779       0.012      -0.094       0.486           1
       6.983       0.712       0.012      -0.071       0.500           1
       6.983       0.718       0.012      -0.037       0.503           1
       6.983       0.624       0.012      -0.068       0.519           1
       6.983       0.543       0.011      -0.090       0.538           1
       6.983       0.470       0.011      -0.085       0.555           1
       6.983       0.465       0.010      -0.121       0.546           1
       6.983       0.443       0.011      -0.124       0.559           1
       6.983       0.404       0.009      -0.134       0.565           1
       6.983       0.320       0.010      -0.176       0.576           1
       6.983       0.272       0.009      -0.190       0.595           1
       6.983       0.278       0.008      -0.194       0.590           1
       6.983       0.230       0.010      -0.209       0.603           1
       6.983       0.227       0.008      -0.225       0.598           1
       6.983       0.144       0.008      -0.261       0.613           1
       6.983       0.137       0.009      -0.233       0.627           1
       6.983       0.116       0.009      -0.226       0.639           1
       6.983       0.146       0.007      -0.239       0.625           1
       6.983       0.139       0.008      -0.196       0.644           1
       6.983       0.153       0.008      -0.152       0.650           1
       6.983       0.129       0.008      -0.115       0.667           1
       6.983       0.135       0.008      -0.120       0.663           1
       6.983       0.115       0.008      -0.076       0.677           1
       6.983       0.169       0.009      -0.034       0.662           1
       6.983       0.145       0.007       0.013       0.672           1
       6.983       0.165       0.008       0.041       0.660           1
       6.983       0.162       0.009       0.084       0.649           1
       6.983       0.125       0.009       0.098       0.666           1
       6.983       0.106       0.008       0.061       0.681           1
       6.983       0.113       0.007       0.046       0.685           1
       6.983       0.110       0.009       0.043       0.679           1
       6.983       0.070       0.010       0.047       0.697           1
       6.983       0.091       0.007      -0.003       0.702           1
       6.983       0.074       0.008       0.022       0.704           1
       6.983       0.083       0.009      -0.016       0.699           1
       6.983       0.070       0.008      -0.056       0.704           1
       6.983       0.015       0.009      -0.098       0.720           1
       6.983      -0.010       0.008      -0.125       0.738           1
       6.983      -0.017       0.007      -0.102       0.745           1
       6.983      -0.065       0.008      -0.134       0.759           1
       6.983      -0.071       0.007      -0.158       0.761           1
       6.983      -0.070       0.007      -0.130       0.767           1
       6.983      -0.051       0.007      -0.099       0.766           1
       6.983      -0.050       0.008      -0.128       0.750           1
       6.634      -0.008       0.008      -0.084       0.737           1
       6.634      -0.004       0.008      -0.127       0.726           1
       6.634      -0.030       0.006      -0.146       0.743           1
       6.634      -0.082       0.007      -0.195       0.753           1
       6.634      -0.105       0.006      -0.218       0.773           1
       6.634      -0.116       0.007      -0.264       0.755           1
       6.634      -0.094       0.007      -0.253       0.748           1
       6.634      -0.089       0.006      -0.225       0.765           1
       6.634      -0.103       0.006      -0.205       0.770           1
       6.634      -0.125       0.006      -0.209       0.788           1
       6.634      -0.129       0.006      -0.191       0.791           1
       6.634      -0.104       0.006      -0.159       0.778           1
       6.634      -0.090       0.008      -0.200       0.767           1
       6.634      -0.117       0.006      -0.247       0.766           1
       6.634      -0.103       0.006      -0.238       0.758           1
       6.634      -0.081       0.006      -0.250       0.743           1
       6.634      -0.059       0.008      -0.227       0.735           1
       6.634      -0.050       0.008      -0.216       0.732           1
       6.634      -0.082       0.006      -0.229       0.751           1
       6.634      -0.081       0.007      -0.256       0.741           1
       6.634      -0.129       0.006      -0.306       0.747           1
       6.634      -0.112       0.006      -0.284       0.750           1
       6.634      -0.071       0.007      -0.256       0.734           1
       6.634      -0.077       0.007      -0.285       0.723           1
       6.634      -0.080       0.006      -0.280       0.728           1
       6.634      -0.113       0.007      -0.283       0.748           1
       6.634      -0.099       0.007      -0.270       0.741           1
       6.634      -0.118       0.006      -0.318       0.737           1
       6.634      -0.103       0.007      -0.271       0.749           1
       6.634      -0.068       0.007      -0.243       0.733           1
       6.634      -0.090       0.007      -0.275       0.731           1
       6.634      -0.083       0.007      -0.256       0.740           1
       6.634      -0.138       0.006      -0.304       0.750           1
       6.634      -0.121       0.007      -0.325       0.734           1
       6.634      -0.136       0.007      -0.330       0.738           1
       6.634      -0.148       0.006      -0.361       0.752           1
       6.634      -0.181       0.006      -0.361       0.762           1
       6.634      -0.169       0.006      -0.329       0.781           1
       6.634      -0.142       0.006      -0.288       0.764           1
       6.634      -0.098       0.007      -0.241       0.764           1
       6.634      -0.113       0.007      -0.204       0.774           1
       6.634      -0.096       0.007      -0.194       0.773           1
       6.634      -0.089       0.007      -0.225       0.759           1
       6.634      -0.095       0.007      -0.203       0.763           1
       6.634      -0.084       0.007      -0.184       0.768           1
       6.634      -0.089       0.007      -0.206       0.755           1
       6.634      -0.083       0.007      -0.178       0.762           1
       6.634      -0.080       0.007      -0.207       0.747           1
       6.634      -0.044       0.007      -0.170       0.742           1
       6.634      -0.008       0.007      -0.134       0.729           1
       6.634      -0.015       0.007      -0.178       0.727           1
       6.634      -0.018       0.007      -0.185       0.730           1
       6.634      -0.042       0.006      -0.211       0.730           1
       6.634      -0.058       0.008      -0.206       0.745           1
       6.634      -0.102       0.007      -0.239       0.763           1
       6.634      -0.108       0.007      -0.222       0.767           1
       6.634      -0.124       0.006      -0.272       0.759           1
       6.634      -0.125       0.005      -0.268       0.770           1
       6.634      -0.106       0.006      -0.232       0.768           1
       6.302      -0.096       0.006      -0.237       0.759           1
       6.302      -0.125       0.007      -0.238       0.771           1
       6.302      -0.099       0.008      -0.237       0.758           1
       6.302      -0.051       0.007      -0.193       0.742           1
       6.302      -0.044       0.007      -0.199       0.729           1
       6.302      -0.029       0.006      -0.201       0.723           1
       6.302       0.008       0.007      -0.184       0.720           1
       6.302      -0.003       0.007      -0.205       0.703           1
       6.302       0.004       0.008      -0.157       0.722           1
       6.302       0.019       0.007      -0.181       0.709           1
       6.302      -0.036       0.007      -0.204       0.725           1
       6.302      -0.006       0.008      -0.183       0.725           1
       6.302      -0.030       0.008      -0.175       0.734           1
       6.302      -0.007       0.008      -0.206       0.714           1
       6.302      -0.008       0.007      -0.242       0.697           1
       6.302      -0.033       0.008      -0.242       0.714           1
       6.302      -0.032       0.008      -0.200       0.726           1
       6.302      -0.040       0.007      -0.230       0.724           1
       6.302      -0.022       0.007      -0.225       0.712           1
       6.302      -0.022       0.007      -0.195       0.719           1
       6.302      -0.010       0.009      -0.154       0.721           1
       6.302       0.036       0.008      -0.163       0.705           1
       6.302       0.007       0.008      -0.126       0.722           1
       6.302      -0.005       0.008      -0.079       0.738           1
       6.302       0.004       0.007      -0.110       0.733           1
       6.302      -0.028       0.006      -0.103       0.748           1
       6.302      -0.032       0.007      -0.148       0.746           1
       6.302      -0.040       0.006      -0.138       0.750           1
       6.302      -0.068       0.008      -0.143       0.767           1
       6.302      -0.053       0.008      -0.111       0.750           1
       6.302      -0.055       0.007      -0.123       0.761           1
       6.302      -0.027       0.007      -0.073       0.753           1
       6.302      -0.068       0.007      -0.114       0.764           1
       6.302      -0.048       0.006      -0.110       0.750           1
       6.302      -0.026       0.006      -0.064       0.742           1
       6.302      -0.023       0.008      -0.025       0.747           1
       6.302      -0.026       0.008       0.016       0.747           1
       6.302      -0.048       0.007       0.030       0.765           1
       6.302      -0.076       0.007       0.065       0.782           1
       6.302      -0.070       0.007       0.058       0.778           1
       6.302      -0.046       0.007       0.057       0.762           1
       6.302      -0.066       0.008       0.043       0.773           1
       6.302      -0.074       0.007       0.002       0.783           1
       6.302      -0.090       0.007       0.019       0.786           1
       6.302      -0.105       0.008      -0.019       0.804           1
       6.302      -0.085       0.007       0.031       0.793           1
       6.302      -0.103       0.007       0.052       0.794           1
       6.302      -0.098       0.006       0.094       0.800           1
       6.302      -0.098       0.006       0.058       0.793           1
       6.302      -0.096       0.007       0.060       0.803           1
       6.302      -0.078       0.007       0.017       0.787           1
       6.302      -0.076       0.006      -0.015       0.785           1
       6.302      -0.076       0.007      -0.026       0.772           1
       6.302      -0.042       0.006      -0.056       0.758           1
       6.302      -0.068       0.008      -0.035       0.775           1
       6.302      -0.088       0.007      -0.019       0.784           1
       5.987      -0.062       0.007       0.001       0.772           1
       5.987      -0.031       0.007       0.020       0.752           1
       5.987      -0.058       0.007       0.008       0.771           1
       5.987      -0.036       0.007       0.031       0.758           1
       5.987      -0.048       0.007       0.064       0.765           1
       5.987      -0.081       0.006       0.072       0.784           1
       5.987      -0.046       0.007       0.120       0.769           1
       5.987      -0.041       0.008       0.074       0.759           1
       5.987      -0.067       0.007       0.086       0.776           1
       5.987      -0.089       0.007       0.058       0.787           1
       5.987      -0.096       0.007       0.022       0.797           1
       5.987      -0.119       0.007      -0.027       0.808           1
       5.987      -0.135       0.006       0.013       0.815           1
       5.987      -0.119       0.006       0.049       0.815           1
       5.987      -0.146       0.006       0.030       0.824           1
       5.987      -0.132       0.005      -0.019       0.822           1
       5.987      -0.158       0.006      -0.002       0.841           1
       5.987      -0.179       0.006      -0.024       0.860           1
       5.987      -0.182       0.007      -0.012       0.867           1
       5.987      -0.159       0.007      -0.002       0.851           1
       5.987      -0.165       0.006      -0.016       0.844           1
       5.987      -0.162       0.006      -0.017       0.846           1
       5.987      -0.188       0.006       0.028       0.862           1
       5.987      -0.159       0.007       0.002       0.845           1
       5.987      -0.156       0.006       0.036       0.840           1
       5.987      -0.160       0.006       0.015       0.844           1
       5.987      -0.164       0.007       0.019       0.843           1
       5.987      -0.176       0.006      -0.007       0.857           1
       5.987      -0.168       0.006       0.034       0.841           1
       5.987      -0.124       0.006       0.038       0.825           1
       5.987      -0.137       0.007       0.052       0.826           1
       5.987      -0.123       0.007       0.084       0.808           1
       5.987      -0.097       0.006       0.119       0.793           1
       5.987      -0.129       0.007       0.157       0.800           1
       5.987      -0.141       0.006       0.206       0.797           1
       5.987      -0.129       0.007       0.204       0.790           1
       5.987      -0.128       0.008       0.167       0.795           1
       5.987      -0.123       0.006       0.163       0.790           1
       5.987      -0.094       0.006       0.163       0.781           1
       5.987      -0.107       0.006       0.136       0.786           1
       5.987      -0.112       0.007       0.119       0.805           1
       5.987      -0.096       0.007       0.092       0.793           1
       5.987      -0.084       0.007       0.082       0.781           1
       5.987      -0.124       0.006       0.131       0.800           1
       5.987      -0.112       0.007       0.095       0.799           1
       5.987      -0.108       0.008       0.114       0.806           1
       5.987      -0.119       0.006       0.130       0.803           1
       5.987      -0.152       0.007       0.121       0.821           1
       5.987      -0.125       0.007       0.102       0.803           1
       5.987      -0.114       0.006       0.122       0.802           1
       5.987      -0.111       0.006       0.131       0.804           1
       5.987      -0.141       0.006       0.121       0.820           1
       5.987      -0.148       0.006       0.113       0.824           1
       5.688      -0.118       0.006       0.075       0.809           1
       5.688      -0.135       0.006       0.067       0.817           1
       5.688      -0.153       0.006       0.110       0.830           1
       5.688      -0.135       0.006       0.143       0.813           1
       5.688      -0.131       0.006       0.107       0.811           1
       5.688      -0.143       0.005       0.156       0.817           1
       5.688      -0.152       0.006       0.130       0.819           1
       5.688      -0.142       0.007       0.134       0.826           1
       5.688      -0.169       0.006       0.141       0.839           1
       5.688      -0.170       0.007       0.153       0.851           1
       5.688      -0.176       0.006       0.104       0.854           1
       5.688      -0.167       0.007       0.097       0.848           1
       5.688      -0.151       0.007       0.098       0.833           1
       5.688      -0.158       0.005       0.051       0.841           1
       5.688      -0.147       0.006       0.099       0.830           1
       5.688      -0.119       0.007       0.071       0.814           1
       5.688      -0.109       0.006       0.095       0.798           1
       5.688      -0.102       0.007       0.132       0.781           1
       5.688      -0.127       0.006       0.180       0.790           1
       5.688      -0.093       0.007       0.186       0.778           1
       5.688      -0.116       0.006       0.201       0.782           1
       5.688      -0.137       0.007       0.215       0.799           1
       5.688      -0.121       0.006       0.199       0.792           1
       5.688      -0.137       0.005       0.201       0.803           1
       5.688      -0.156       0.006       0.190       0.819           1
       5.688      -0.167       0.006       0.163       0.837           1
       5.688      -0.150       0.006       0.143       0.818           1
       5.688      -0.146       0.006       0.147       0.829           1
       5.688      -0.135       0.005       0.102       0.815           1
       5.688      -0.127       0.008       0.100       0.815           1
       5.688      -0.154       0.005       0.103       0.830           1
       5.688      -0.139       0.006       0.069       0.832           1
       5.688      -0.155       0.006       0.049       0.837           1
       5.688      -0.169       0.006       0.078       0.850           1
       5.688      -0.155       0.006       0.110       0.837           1
       5.688      -0.164       0.005       0.110       0.837           0
       5.688      -0.143       0.007       0.129       0.823           1
       5.688      -0.175       0.006       0.132       0.832           1
       5.688      -0.157       0.006       0.125       0.836           1
       5.688      -0.131       0.007       0.076       0.818           1
       5.688      -0.155       0.007       0.088       0.833           1
       5.688      -0.142       0.008       0.092       0.825           1
       5.688      -0.137       0.006       0.128       0.814           1
       5.688      -0.108       0.007       0.082       0.799           1
       5.688      -0.093       0.006       0.034       0.796           1
       5.688      -0.083       0.006       0.048       0.790           1
       5.688      -0.088       0.006       0.097       0.796           1
       5.688      -0.086       0.007       0.116       0.778           1
       5.688      -0.110       0.007       0.121       0.798           1
       5.688      -0.106       0.007       0.086       0.796           1
       5.688      -0.116       0.006       0.070       0.811           1
       5.404      -0.134       0.006       0.021       0.830           1
       5.404      -0.157       0.006       0.005       0.834           1
       5.404      -0.161       0.006      -0.027       0.846           1
       5.404      -0.141       0.006      -0.044       0.828           1
       5.404      -0.138       0.007      -0.007       0.822           1
       5.404      -0.152       0.006       0.007       0.838           1
       5.404      -0.135       0.006       0.030       0.824           1
       5.404      -0.144       0.006       0.036       0.826           1
       5.404      -0.153       0.006       0.039       0.846           1
       5.404      -0.166       0.006       0.061       0.843           1
       5.404      -0.143       0.006       0.039       0.834           1
       5.404      -0.129       0.007       0.050       0.818           1
       5.404      -0.126       0.006       0.008       0.818           1
       5.404      -0.161       0.007       0.016       0.837           1
       5.404      -0.162       0.006      -0.021       0.848           1
       5.404      -0.165       0.006      -0.039       0.848           1
       5.404      -0.154       0.007      -0.039       0.828           1
       5.404      -0.128       0.006      -0.011       0.827           1
       5.404      -0.143       0.006       0.013       0.836           1
       5.404      -0.165       0.006       0.021       0.845           1
       5.404      -0.148       0.006      -0.025       0.842           1
       5.404      -0.141       0.006      -0.013       0.833           1
       5.404      -0.138       0.006      -0.003       0.826           1
       5.404      -0.115       0.007      -0.019       0.812           1
       5.404      -0.128       0.007       0.025       0.816           1
       5.404      -0.103       0.006      -0.003       0.799           1
       5.404      -0.126       0.006       0.011       0.816           1
       5.404      -0.135       0.006      -0.026       0.825           1
       5.404      -0.132       0.006       0.020       0.823           1
       5.404      -0.144       0.006       0.058       0.830           1
       5.404      -0.161       0.006       0.089       0.841           1
       5.404      -0.177       0.007       0.130       0.850           1
       5.404      -0.197       0.006       0.157       0.862           1
       5.404      -0.175       0.007       0.165       0.845           1
       5.404      -0.198       0.006       0.191       0.855           1
       5.404      -0.182       0.006       0.200       0.850           1
       5.404      -0.183       0.007       0.225       0.839           1
       5.404      -0.185       0.006       0.193       0.847           1
       5.404      -0.167       0.006       0.156       0.837           1
       5.404      -0.162       0.006       0.126       0.834           1
       5.404      -0.152       0.006       0.161       0.821           1
       5.404      -0.116       0.007       0.119       0.802           1
       5.404      -0.130       0.006       0.076       0.812           1
       5.404      -0.095       0.007       0.080       0.795           1
       5.404      -0.124       0.007       0.046       0.809           1
       5.404      -0.143       0.006       0.055       0.826           1
       5.404      -0.111       0.006       0.102       0.809           1
       5.404      -0.103       0.006       0.061       0.800           1
       5.133      -0.123       0.007       0.064       0.817           1
       5.133      -0.128       0.006       0.081       0.815           1
       5.133      -0.142       0.007       0.061       0.820           1
       5.133      -0.145       0.007       0.099       0.822           1
       5.133      -0.139       0.007       0.107       0.822           1
       5.133      -0.126       0.007       0.093       0.812           1
       5.133      -0.123       0.007       0.052       0.813           1
       5.133      -0.134       0.006       0.090       0.820           1
       5.133      -0.135       0.006       0.104       0.823           1
       5.133      -0.135       0.006       0.096       0.818           1
       5.133      -0.113       0.006       0.066       0.801           1
       5.133      -0.120       0.007       0.093       0.808           1
       5.133      -0.093       0.007       0.106       0.791           1
       5.133      -0.120       0.007       0.058       0.810           1
       5.133      -0.137       0.007       0.030       0.813           1
       5.133      -0.134       0.005       0.034       0.816           1
       5.133      -0.112       0.007       0.062       0.815           1
       5.133      -0.145       0.006       0.090       0.819           1
       5.133      -0.130       0.006       0.045       0.812           1
       5.133      -0.128       0.006       0.026       0.814           1
       5.133      -0.154       0.006      -0.009       0.832           1
       5.133      -0.130       0.007      -0.039       0.814           1
       5.133      -0.141       0.007       0.002       0.822           1
       5.133      -0.151       0.007      -0.043       0.831           1
       5.133      -0.172       0.006       0.000       0.847           1
       5.133      -0.127       0.006       0.025       0.833           1
       5.133      -0.165       0.006      -0.013       0.843           1
       5.133      -0.165       0.006       0.001       0.852           1
       5.133      -0.151       0.006      -0.019       0.837           1
       5.133      -0.173       0.006      -0.055       0.850           1
       5.133      -0.148       0.006      -0.086       0.832           1
       5.133      -0.163       0.006      -0.125       0.838           1
       5.133      -0.184       0.006      -0.163       0.844           1
       5.133      -0.165       0.007      -0.131       0.848           1
       5.133      -0.155       0.006      -0.175       0.829           1
       5.133      -0.151       0.006      -0.181       0.826           1
       5.133      -0.152       0.007      -0.196       0.822           1
       5.133      -0.171       0.006      -0.230       0.833           1
       5.133      -0.191       0.006      -0.207       0.839           1
       5.133      -0.177       0.006      -0.180       0.846           1
       5.133      -0.151       0.005      -0.135       0.829           1
       5.133      -0.160       0.007      -0.162       0.831           1
       5.133      -0.159       0.006      -0.155       0.832           1
       5.133      -0.171       0.007      -0.127       0.845           1
       5.133      -0.190       0.006      -0.161       0.862           1
       5.133      -0.186       0.006      -0.114       0.858           1
       4.877      -0.160       0.006      -0.128       0.846           1
       4.877      -0.150       0.006      -0.128       0.829           1
       4.877      -0.162       0.006      -0.094       0.845           1
       4.877      -0.153       0.007      -0.116       0.833           1
       4.877      -0.160       0.008      -0.089       0.847           1
       4.877      -0.189       0.006      -0.081       0.858           1
       4.877      -0.168       0.006      -0.120       0.840           1
       4.877      -0.136       0.005      -0.111       0.828           1
       4.877      -0.155       0.006      -0.078       0.841           1
       4.877      -0.153       0.007      -0.038       0.839           1
       4.877      -0.134       0.007       0.010       0.820           1
       4.877      -0.107       0.006      -0.007       0.805           1
       4.877      -0.124       0.006       0.042       0.813           1
       4.877      -0.148       0.007       0.066       0.827           1
       4.877      -0.115       0.006       0.020       0.815           1
       4.877      -0.122       0.006       0.068       0.813           1
       4.877      -0.131       0.007       0.081       0.812           1
       4.877      -0.105       0.007       0.071       0.796           1
       4.877      -0.107       0.006       0.040       0.802           1
       4.877      -0.114       0.006      -0.006       0.811           1
       4.877      -0.093       0.008      -0.018       0.794           1
       4.877      -0.101       0.006      -0.036       0.792           1
       4.877      -0.102       0.008      -0.048       0.793           1
       4.877      -0.087       0.007      -0.017       0.784           1
       4.877      -0.079       0.006      -0.026       0.788           1
       4.877      -0.072       0.007      -0.005       0.779           1
       4.877      -0.057       0.007      -0.022       0.769           1
       4.877      -0.095       0.007       0.015       0.788           1
       4.877      -0.063       0.007       0.027       0.771           1
       4.877      -0.045       0.006      -0.004       0.763           1
       4.877      -0.016       0.008      -0.034       0.744           1
       4.877       0.043       0.007       0.012       0.725           1
       4.877       0.057       0.008       0.051       0.711           1
       4.877       0.013       0.006       0.080       0.724           1
       4.877       0.000       0.006       0.083       0.742           1
       4.877      -0.048       0.008       0.042       0.761           1
       4.877      -0.064       0.007       0.064       0.778           1
       4.877      -0.042       0.008       0.055       0.758           1
       4.877      -0.021       0.007       0.095       0.746           1
       4.877      -0.036       0.007       0.073       0.751           1
       4.877      -0.012       0.007       0.112       0.744           1
       4.877      -0.009       0.007       0.107       0.733           1
       4.877       0.007       0.008       0.139       0.719           1
       4.633      -0.011       0.007       0.135       0.735           1
       4.633       0.025       0.007       0.096       0.725           1
       4.633       0.001       0.007       0.056       0.738           1
       4.633       0.013       0.008       0.015       0.739           1
       4.633      -0.014       0.008       0.040       0.745           1
       4.633       0.008       0.007       0.039       0.735           1
       4.633       0.003       0.007       0.039       0.726           1
       4.633       0.036       0.007       0.053       0.722           1
       4.633      -0.006       0.007       0.098       0.740           1
       4.633       0.021       0.009       0.059       0.721           1
       4.633      -0.017       0.007       0.049       0.737           1
       4.633      -0.030       0.007       0.079       0.753           1
       4.633      -0.029       0.007       0.083       0.753           1
       4.633      -0.046       0.007       0.051       0.760           1
       4.633      -0.024       0.009       0.100       0.746           1
       4.633      -0.059       0.007       0.146       0.756           1
       4.633      -0.073       0.008       0.133       0.768           1
       4.633      -0.071       0.007       0.114       0.767           1
       4.633      -0.071       0.007       0.068       0.777           1
       4.633      -0.104       0.007       0.080       0.796           1
       4.633      -0.103       0.006       0.033       0.806           1
       4.633      -0.139       0.006      -0.008       0.817           1
       4.633      -0.133       0.006       0.011       0.829           1
       4.633      -0.119       0.007       0.045       0.812           1
       4.633      -0.156       0.006       0.084       0.826           1
       4.633      -0.114       0.006       0.056       0.815           1
       4.633      -0.102       0.006       0.025       0.796           1
       4.633      -0.086       0.007       0.021       0.794           1
       4.633      -0.103       0.006       0.055       0.786           1
       4.633      -0.078       0.007       0.092       0.774           1
       4.633      -0.042       0.007       0.045       0.758           1
       4.633      -0.032       0.007       0.084       0.753           1
       4.633      -0.070       0.008       0.109       0.769           1
       4.633      -0.043       0.008       0.143       0.753           1
       4.633      -0.055       0.007       0.190       0.740           1
       4.633      -0.055       0.006       0.167       0.758           1
       4.633      -0.037       0.006       0.135       0.740           1
       4.633      -0.072       0.007       0.154       0.760           1
       4.633      -0.059       0.007       0.193       0.746           1
       4.633      -0.102       0.006       0.237       0.759           1
       4.633      -0.098       0.007       0.223       0.755           1
       4.401      -0.083       0.007       0.199       0.764           1
       4.401      -0.116       0.006       0.185       0.783           1
       4.401      -0.106       0.006       0.141       0.789           1
       4.401      -0.124       0.006       0.159       0.801           1
       4.401      -0.143       0.007       0.166       0.814           1
       4.401      -0.144       0.007       0.159       0.813           1
       4.401      -0.141       0.006       0.142       0.813           1
       4.401      -0.141       0.007       0.157       0.814           1
       4.401      -0.120       0.007       0.136       0.798           1
       4.401      -0.087       0.006       0.098       0.786           1
       4.401      -0.060       0.006       0.059       0.774           1
       4.401      -0.061       0.007       0.062       0.772           1
       4.401      -0.063       0.006       0.055       0.772           1
       4.401      -0.081       0.007       0.065       0.779           1
       4.401      -0.091       0.006       0.054       0.793           1
       4.401      -0.121       0.005       0.077       0.812           1
       4.401      -0.129       0.006       0.070       0.818           1
       4.401      -0.146       0.006       0.047       0.830           1
       4.401      -0.151       0.006       0.060       0.832           1
       4.401      -0.132       0.007       0.048       0.820           1
       4.401      -0.111       0.008       0.041       0.805           1
       4.401      -0.086       0.006       0.011       0.789           1
       4.401      -0.078       0.007       0.049       0.779           1
       4.401      -0.055       0.007       0.038       0.771           1
       4.401      -0.094       0.006       0.043       0.791           1
       4.401      -0.086       0.007       0.091       0.780           1
       4.401      -0.077       0.006       0.049       0.777           1
       4.401      -0.084       0.007       0.031       0.780           1
       4.401      -0.097       0.005      -0.010       0.796           1
       4.401      -0.069       0.006       0.017       0.777           1
       4.401      -0.099       0.006       0.007       0.796           1
       4.401      -0.064       0.006      -0.011       0.778           1
       4.401      -0.073       0.007      -0.022       0.780           1
       4.401      -0.047       0.007      -0.029       0.763           1
       4.401      -0.068       0.006      -0.051       0.776           1
       4.401      -0.049       0.008      -0.082       0.759           1
       4.401      -0.064       0.007      -0.100       0.770           1
       4.401      -0.086       0.007      -0.081       0.783           1
       4.401      -0.068       0.007      -0.080       0.775           1
       4.181      -0.077       0.007      -0.032       0.774           1
       4.181      -0.033       0.008       0.002       0.755           1
       4.181      -0.013       0.007       0.048       0.739           1
       4.181       0.031       0.006       0.069       0.723           1
       4.181       0.015       0.007       0.052       0.729           1
       4.181      -0.017       0.007       0.064       0.745           1
       4.181      -0.010       0.008       0.079       0.741           1
       4.181      -0.020       0.007       0.098       0.742           1
       4.181      -0.031       0.008       0.084       0.741           1
       4.181       0.009       0.006       0.045       0.733           1
       4.181       0.039       0.008       0.078       0.715           1
       4.181       0.033       0.007       0.066       0.723           1
       4.181       0.023       0.008       0.109       0.719           1
       4.181       0.046       0.008       0.085       0.717           1
       4.181       0.003       0.008       0.083       0.732           1
       4.181      -0.028       0.008       0.116       0.742           1
       4.181      -0.015       0.006       0.124       0.732           1
       4.181       0.004       0.008       0.078       0.728           1
       4.181       0.022       0.008       0.083       0.726           1
       4.181      -0.029       0.008       0.081       0.746           1
       4.181      -0.065       0.006       0.088       0.763           1
       4.181      -0.067       0.007       0.085       0.770           1
       4.181      -0.032       0.008       0.045       0.756           1
       4.181      -0.010       0.008       0.062       0.742           1
       4.181      -0.027       0.007       0.060       0.749           1
       4.181      -0.011       0.007       0.109       0.740           1
       4.181      -0.007       0.008       0.087       0.739           1
       4.181      -0.032       0.008       0.043       0.752           1
       4.181      -0.043       0.006       0.042       0.760           1
       4.181      -0.065       0.007       0.092       0.779           1
       4.181      -0.082       0.007       0.104       0.776           1
       4.181      -0.116       0.007       0.129       0.791           1
       4.181      -0.124       0.006       0.090       0.806           1
       4.181      -0.101       0.006       0.135       0.795           1
       4.181      -0.127       0.007       0.116       0.811           1
       4.181      -0.091       0.007       0.079       0.794           1
       4.181      -0.090       0.007       0.039       0.791           1
       3.972      -0.045       0.006       0.036       0.774           1
       3.972      -0.082       0.007       0.066       0.782           1
       3.972      -0.090       0.007       0.104       0.775           1
       3.972      -0.080       0.007       0.100       0.783           1
       3.972      -0.068       0.007       0.080       0.774           1
       3.972      -0.044       0.007       0.054       0.760           1
       3.972      -0.070       0.008       0.026       0.776           1
       3.972      -0.080       0.006       0.063       0.778           1
       3.972      -0.068       0.007       0.090       0.765           1
       3.972      -0.051       0.008       0.063       0.770           1
       3.972      -0.095       0.006       0.029       0.788           1
       3.972      -0.062       0.008       0.054       0.769           1
       3.972      -0.079       0.007       0.061       0.778           1
       3.972      -0.071       0.007       0.038       0.781           1
       3.972      -0.067       0.006       0.028       0.773           1
       3.972      -0.076       0.007      -0.015       0.784           1
       3.972      -0.041       0.007      -0.004       0.765           1
       3.972      -0.075       0.007       0.018       0.779           1
       3.972      -0.094       0.007       0.058       0.786           1
       3.972      -0.096       0.008       0.066       0.790           1
       3.972      -0.072       0.007       0.053       0.784           1
       3.972      -0.052       0.008       0.045       0.768           1
       3.972      -0.086       0.007       0.037       0.779           1
       3.972      -0.081       0.006       0.060       0.784           1
       3.972      -0.077       0.008       0.073       0.790           1
       3.972      -0.069       0.007       0.122       0.773           1
       3.972      -0.085       0.007       0.101       0.769           1
       3.972      -0.056       0.006       0.066       0.773           1
       3.972      -0.076       0.008       0.034       0.784           1
       3.972      -0.099       0.008       0.037       0.801           1
       3.972      -0.124       0.006       0.023       0.813           1
       3.972      -0.137       0.006       0.051       0.825           1
       3.972      -0.124       0.006       0.029       0.816           1
       3.972      -0.149       0.006      -0.000       0.826           1
       3.972      -0.115       0.007       0.001       0.811           1
       3.774      -0.080       0.006      -0.031       0.793           1
       3.774      -0.059       0.007      -0.030       0.777           1
       3.774      -0.069       0.008      -0.040       0.772           1
       3.774      -0.075       0.007      -0.003       0.783           1
       3.774      -0.094       0.008      -0.048       0.790           1
       3.774      -0.073       0.006      -0.074       0.775           1
       3.774      -0.077       0.006      -0.047       0.784           1
       3.774      -0.081       0.007      -0.062       0.784           1
       3.774      -0.056       0.007      -0.061       0.766           1
       3.774      -0.049       0.007      -0.101       0.757           1
       3.774      -0.043       0.007      -0.139       0.752           1
       3.774      -0.014       0.007      -0.112       0.736           1
       3.774       0.037       0.009      -0.095       0.717           1
       3.774       0.015       0.006      -0.118       0.720           1
       3.774       0.003       0.007      -0.091       0.730           1
       3.774      -0.016       0.008      -0.049       0.740           1
       3.774      -0.012       0.008      -0.010       0.749           1
       3.774       0.010       0.009      -0.047       0.736           1
       3.774       0.032       0.007      -0.054       0.716           1
       3.774       0.005       0.009      -0.050       0.736           1
       3.774       0.021       0.008      -0.056       0.724           1
       3.774       0.035       0.008      -0.050       0.717           1
       3.774       0.087       0.008      -0.020       0.703           1
       3.774       0.038       0.008      -0.003       0.719           1
       3.774       0.059       0.008       0.046       0.707           1
       3.774       0.019       0.007       0.034       0.726           1
       3.774       0.019       0.007       0.058       0.725           1
       3.774       0.068       0.008       0.031       0.707           1
       3.774       0.091       0.009       0.015       0.693           1
       3.774       0.110       0.008       0.018       0.689           1
       3.774       0.080       0.009       0.016       0.697           1
       3.774       0.147       0.008      -0.024       0.678           1
       3.774       0.177       0.009      -0.023       0.660           1
