0.997202 7.3566e-05
0.998658 0.00145592
0.9993 0.00121332
0.999362 0.000941923
0.999187 0.000788896
0.999763 0.000881223
0.999793 0.000763753
0.999648 0.000688906
0.999812 0.000637499
0.999703 0.000586904
0.999933 0.000583134
1 0.000541143
0.999946 0.000504353
0.999995 0.00047204
0.999979 0.000441822
0.999995 0.000415294
0.999997 0.000391551
1.00005 0.000373469
1.00014 0.000365819
1.00003 0.000362991
0.999988 0.000348956
1.00015 0.000372057
1.00012 0.000357881
1.00021 0.000355914
1.00016 0.000346608
1.00021 0.000337964
1.00021 0.000325694
1.00022 0.000314376
1.00022 0.000303742
1.00025 0.000294968
1.00032 0.000294798
1.00041 0.000301337
1.0004 0.000292585
1.00033 0.000292114
1.00038 0.000287304
1.00039 0.000279539
1.00046 0.000281753
1.00048 0.000275118
1.0005 0.000269121
1.00045 0.000268506
1.00035 0.00027805
1.00043 0.000281289
1.00035 0.000284861
1.00036 0.00027874
1.00037 0.000272621
1.00041 0.000270837
1.00034 0.000274048
1.00036 0.000269143
1.00036 0.000263711
1.0004 0.000261249
1.0004 0.000256197
1.00037 0.000253095
1.00046 0.000266673
1.00046 0.000261794
1.00046 0.00025708
1.00049 0.000254668
1.00045 0.000254464
1.00039 0.000257201
1.0004 0.000253263
1.0004 0.000249084
1.00036 0.000248834
1.00033 0.00024737
1.00025 0.000254099
1.00023 0.000250858
1.0002 0.000248773
1.00023 0.000246695
1.00023 0.000243109
1.0002 0.000240729
1.00018 0.00023823
1.00018 0.000234855
1.00013 0.000238568
1.00014 0.000235668
1.00017 0.000234784
1.00016 0.000231957
1.00014 0.000229684
1.00014 0.000226697
1.00014 0.000223784
1.00018 0.000225026
1.00018 0.000222361
1.00015 0.000221215
1.0001 0.000223687
1.00014 0.000224317
1.00013 0.000222035
1.00013 0.000219408
1.00014 0.000217483
1.00016 0.000215708
1.00013 0.000214944
1.00011 0.000213503
1.00012 0.000211163
1.00012 0.000208883
1.00013 0.000206769
1.00015 0.000205162
1.00016 0.000203142
1.00015 0.00020104
1.00016 0.000199116
1.00019 0.000199896
1.0002 0.000198065
1.00022 0.000196876
1.00021 0.000195429
