 #    Gen:      Top 50% av.
           1     45734.1
           2     44310.9
           3       43039
           4     41790.6
           5     40799.5
           6     39961.9
           7     38910.3
           8     37718.4
           9     36443.4
          10     35513.1
          11       34808
          12     34269.2
          13     33785.2
          14     33321.4
          15     32848.1
          16     32329.7
          17     31824.3
          18     31180.2
          19     30608.4
          20     30231.5
          21     29877.4
          22     29529.2
          23     29153.4
          24     28793.2
          25       28453
          26     28274.9
          27     28127.1
          28       27946
          29       27718
          30     27528.5
          31     27386.3
          32     27310.3
          33       27132
          34       26984
          35     26820.6
          36     26635.4
          37     26530.6
          38     26429.6
          39     26291.1
          40     26148.9
          41     25941.5
          42     25685.8
          43     25347.4
          44     25042.5
          45     24775.3
          46     24581.2
          47     24418.6
          48     24166.2
          49     24001.5
          50     23790.8
          51     23665.4
          52     23521.6
          53     23401.8
          54     23251.3
          55     23175.9
          56     23055.1
          57     22968.8
          58     22906.5
          59     22821.7
          60     22736.7
          61     22658.4
          62     22527.9
          63     22396.7
          64     22276.4
          65     22169.2
          66     22028.6
          67     21855.1
          68     21642.9
          69     21478.6
          70     21339.4
          71     21242.2
          72     21101.8
          73     20980.8
          74     20875.5
          75     20762.3
          76     20651.7
          77     20527.9
          78     20377.5
          79     20270.8
          80     20117.6
          81       19959
          82     19837.3
          83     19716.7
          84       19622
          85       19503
          86     19437.3
          87     19321.2
          88     19216.8
          89       19104
          90     18938.3
          91     18762.1
          92     18627.8
          93     18471.3
          94     18384.6
          95       18300
          96     18212.5
          97     18145.6
          98     18088.5
          99     18045.1
         100     17997.6
         101     17940.4
         102     17884.4
         103       17817
         104     17733.1
         105     17675.8
         106       17584
         107     17500.8
         108     17438.7
         109       17367
         110     17293.9
         111     17201.8
         112       17144
         113       17046
         114     17008.6
         115     16953.8
         116       16933
         117       16911
         118     16878.3
         119     16901.4
         120     16861.5
         121     16781.1
         122     16686.4
         123     16602.9
         124     16569.5
         125     16459.4
         126     16339.9
         127     16263.4
         128     16218.1
         129       16192
         130     16153.8
         131     16101.3
         132     16070.7
         133     15997.5
         134     15927.4
         135     15861.7
         136     15786.8
         137     15713.4
         138     15585.9
         139     15495.2
         140     15395.2
         141     15320.1
         142       15278
         143     15239.3
         144     15189.4
         145     15166.4
         146     15133.6
         147     15115.6
         148     15060.5
         149     15011.7
         150     14982.1
         151     14951.5
         152     14905.7
         153     14818.8
         154     14752.4
         155     14700.4
         156     14663.4
         157     14591.2
         158     14529.3
         159     14468.8
         160     14410.9
         161     14355.9
         162     14313.7
         163     14295.1
         164     14295.2
         165     14194.2
         166     14156.2
         167     14086.2
         168     13995.3
         169     13922.7
         170       13891
         171     13859.7
         172     13829.9
         173     13844.5
         174     13804.5
         175     13793.8
         176     13767.5
         177     13745.5
         178     13724.4
         179     13664.7
         180     13616.8
         181     13588.4
         182     13553.3
         183     13530.2
         184     13492.1
         185     13446.3
         186     13361.2
         187     13282.1
         188       13261
         189       13257
         190     13212.1
         191     13197.1
         192     13183.1
         193     13161.9
         194       13163
         195     13166.3
         196       13149
         197     13146.1
         198     13139.3
         199     13099.4
         200     13055.3
         201     13018.3
         202       13009
         203     12989.3
         204       12949
         205     12909.7
         206     12889.9
         207     12884.6
         208     12855.4
         209     12813.1
         210     12785.7
         211     12772.9
         212     12754.8
         213     12722.3
         214     12702.6
         215     12677.4
         216     12634.3
         217     12616.8
         218     12616.4
         219     12579.5
         220     12571.4
         221     12533.4
         222     12536.6
         223     12512.9
         224     12499.3
         225     12513.5
         226     12456.1
         227     12434.2
         228     12390.8
         229     12376.8
         230     12335.3
         231       12307
         232     12273.5
         233     12227.9
         234     12169.9
         235       12142
         236     12068.1
         237     12023.3
         238     11960.7
         239       11936
         240     11909.1
         241     11883.6
         242     11876.3
         243     11833.9
         244     11821.6
         245     11789.5
         246       11772
         247     11770.7
         248     11731.2
         249       11688
         250       11642
         251     11624.2
         252     11599.3
         253     11566.2
         254     11548.4
         255       11518
         256     11491.1
         257     11475.5
         258     11462.2
         259     11421.9
         260     11400.4
         261     11380.5
         262     11353.3
         263     11350.4
         264     11322.4
         265     11284.7
         266     11276.7
         267     11247.1
         268     11250.9
         269     11212.9
         270     11177.6
         271     11174.6
         272     11163.3
         273     11150.9
         274     11144.7
         275     11121.6
         276     11091.1
         277     11063.6
         278     11079.2
         279     11025.8
         280     11014.7
         281     10977.2
         282     10969.3
         283     10967.4
         284     10978.3
         285     10939.7
         286     10897.4
         287       10891
         288     10861.7
         289     10860.9
         290     10839.8
         291     10805.3
         292     10790.7
         293     10782.5
         294     10731.4
         295     10691.4
         296     10650.4
         297       10613
         298     10583.5
         299       10537
         300     10528.7
         301     10482.4
         302     10433.9
         303     10374.8
         304       10371
         305     10341.3
         306     10342.1
         307     10313.8
         308     10287.4
         309     10263.1
         310     10244.8
         311     10204.1
         312     10173.6
         313     10162.1
         314       10153
         315     10131.4
         316     10121.7
         317       10104
         318     10086.7
         319     10074.5
         320     10061.3
         321     10063.9
         322     10045.9
         323     10047.2
         324     10041.2
         325     10029.2
         326     10074.1
         327     10180.3
         328     10194.7
         329     10110.7
         330     9927.76
         331     9927.51
         332      9934.9
         333     9934.86
         334     9902.93
         335     9896.18
         336        9892
         337     9866.95
         338     9826.38
         339     9792.01
         340     9790.24
         341     9761.22
         342     9765.21
         343     9743.16
         344     9728.64
         345     9716.72
         346     9710.17
         347     9705.28
         348     9683.12
         349     9665.63
         350     9668.48
         351     9626.41
         352      9592.4
         353     9539.42
         354     9492.43
         355     9461.21
         356     9415.18
         357     9399.62
         358     9374.03
         359     9336.65
         360     9283.71
         361     9194.89
         362     9161.67
         363     9116.23
         364     9077.84
         365      9038.7
         366     9005.65
         367     8964.15
         368      8955.7
         369     8926.32
         370     8921.78
         371     8921.41
         372     8921.38
         373     8914.19
         374     8890.23
         375     8863.12
         376     8847.65
         377     8813.14
         378     8810.57
         379     8776.46
         380     8766.06
         381     8726.65
         382     8706.92
         383     8676.14
         384     8673.53
         385     8656.59
         386     8631.99
         387     8639.82
         388     8586.56
         389     8569.21
         390     8535.93
         391     8512.32
         392     8492.48
         393      8481.5
         394     8503.65
         395     8469.64
         396     8466.67
         397     8457.18
         398     8462.55
         399     8416.46
         400      8401.5
         401     8375.19
         402     8337.07
         403     8349.94
         404     8354.44
         405     8359.61
         406     8329.24
         407     8312.75
         408      8320.2
         409     8293.14
         410     8279.22
         411     8283.18
         412     8261.69
         413     8249.54
         414     8247.52
         415     8257.94
         416     8217.84
         417     8226.82
         418     8222.28
         419     8196.39
         420     8190.02
         421     8181.13
         422     8162.72
         423     8164.04
         424     8168.65
         425     8171.99
         426     8149.55
         427     8141.34
         428     8133.41
         429     8109.97
         430     8098.58
         431      8089.9
         432     8085.88
         433      8069.6
         434     8070.82
         435     8055.03
         436      8033.5
         437     8039.39
         438     8022.42
         439     8033.73
         440     8025.46
         441     8017.16
         442     7994.61
         443      7977.6
         444     7946.15
         445     7948.89
         446     7936.84
         447      7892.2
         448     7876.98
         449     7883.31
         450     7885.81
         451     7875.53
         452     7892.49
         453        7907
         454      7975.2
         455      7929.8
         456     7787.06
         457     7792.09
         458     7780.74
         459     7774.96
         460     7744.91
         461     7732.85
         462     7698.16
         463     7694.41
         464     7692.67
         465     7659.64
         466     7676.81
         467     7618.94
         468     7599.46
         469      7580.9
         470     7568.08
         471     7544.64
         472     7524.54
         473     7491.07
         474      7493.3
         475     7474.16
         476     7468.34
         477     7466.93
         478     7467.09
         479      7449.4
         480     7442.81
         481     7438.14
         482     7424.43
         483     7419.51
         484     7442.01
         485     7417.38
         486     7402.18
         487     7385.21
         488     7373.04
         489     7369.88
         490     7373.77
         491     7365.96
         492     7367.81
         493     7345.82
         494     7352.15
         495     7321.07
         496     7322.71
         497     7316.34
         498     7324.83
         499     7331.08
         500     7320.94
         501     7334.97
