0.995551 0
1.49662 0.00329394
1.49518 0.0031756
1.37019 0.00224736
1.27136 0.00197206
1.21009 0.00183156
1.17084 0.00156346
1.14508 0.00154905
1.12603 0.00136831
1.11101 0.00128704
1.09936 0.00116494
1.09025 0.00109941
1.08236 0.00102205
1.07506 0.00120619
1.06941 0.00112291
1.06486 0.00108589
1.06106 0.00109593
1.05744 0.00103582
1.05411 0.000980464
1.05112 0.00093114
1.04839 0.000889167
1.04626 0.000891342
1.04398 0.000859426
1.04244 0.000935911
1.04064 0.000897708
1.03908 0.000869936
1.03775 0.000863617
1.03621 0.000840659
1.03491 0.000811478
1.03368 0.000784075
1.03269 0.000774912
1.03174 0.000759603
1.03082 0.000742012
1.02984 0.000720865
1.02889 0.000701913
1.02801 0.000683126
1.02719 0.000664862
1.02642 0.000647351
1.02577 0.000633828
1.02516 0.000620842
1.02459 0.000609224
1.02409 0.000605434
1.02364 0.000604032
1.02302 0.000593911
1.02253 0.00058228
1.02191 0.000581396
1.02148 0.000571525
1.02089 0.000572615
1.02049 0.000562243
1.02012 0.000553713
1.01979 0.0005477
1.01938 0.000537239
1.01908 0.000532192
1.01871 0.000522348
1.01845 0.000520594
1.01814 0.000511867
1.01782 0.00050282
1.01757 0.000499352
1.0172 0.000496667
1.01686 0.000489782
1.01661 0.000482276
1.01639 0.000478305
1.01617 0.000472695
1.01603 0.000478666
1.01576 0.00047163
1.01544 0.000471133
1.01519 0.000464436
1.01495 0.000457843
1.01467 0.000455343
1.01445 0.000448793
1.01426 0.000442564
1.0141 0.000438788
1.01395 0.000434857
1.0137 0.000433255
1.01356 0.000429914
1.01342 0.000425749
1.01325 0.000420371
1.01312 0.000416603
1.01295 0.000411296
1.01277 0.000406439
1.01258 0.000403255
1.01249 0.000404776
1.0124 0.000404169
1.01227 0.000399554
1.01213 0.000394826
1.01197 0.000390497
1.01188 0.000388401
1.01169 0.000387709
1.01152 0.00038572
1.01143 0.000383117
1.01128 0.000379291
1.01118 0.000375399
1.01108 0.000372366
1.01094 0.000369137
1.01073 0.000378149
1.01066 0.000376332
1.01054 0.000372648
1.01047 0.000371305
1.01034 0.000368244
1.01024 0.000364546
