1 0
1.41464 0.00416743
1.73218 0.00692231
2.00809 0.0078574
2.25574 0.00925095
2.46415 0.0107678
2.66463 0.0114847
2.84824 0.0121044
3.01829 0.0132553
3.17547 0.0138713
3.32362 0.0149975
3.47728 0.0151751
3.61667 0.0156564
3.75836 0.0171812
3.89024 0.0174899
4.01585 0.0170111
4.13493 0.0176234
4.2532 0.018257
4.35972 0.0185564
4.47418 0.0183053
4.58384 0.0188005
4.69719 0.0194717
4.79257 0.0203505
4.89533 0.0209966
4.98937 0.0218014
5.08338 0.020869
5.16786 0.022246
5.25898 0.0229241
5.353 0.0238334
5.45093 0.0246749
5.54573 0.0256348
5.63304 0.0258041
5.7254 0.026206
5.82369 0.0275958
5.90866 0.0278251
5.99217 0.0284167
6.06832 0.0289688
6.15442 0.0293103
6.23325 0.0288775
6.31677 0.0280665
6.37792 0.0288147
6.46526 0.0285968
6.54347 0.0285934
6.61926 0.0291013
6.69357 0.0296179
6.7627 0.030093
6.83357 0.0293217
6.90814 0.0294434
6.98011 0.0292713
7.0585 0.0281891
7.12594 0.0282998
7.19184 0.0295253
7.26187 0.0308449
7.33362 0.0301806
7.3891 0.0309546
7.45012 0.0307907
7.52048 0.0306919
7.59685 0.030299
7.66815 0.0312334
7.73404 0.0310378
7.80658 0.0318691
7.87038 0.0324664
7.93928 0.0326294
8.01164 0.0339347
8.08186 0.0345746
8.14263 0.0347459
8.2052 0.0357607
8.26471 0.0358877
8.31887 0.0366206
8.38998 0.036955
8.45808 0.0364761
8.51912 0.036401
8.57861 0.0358626
8.64324 0.0352311
8.70141 0.0355329
8.75432 0.0349592
8.81472 0.0348866
8.87428 0.0355551
8.93331 0.0371197
8.98868 0.0373439
9.04853 0.0386559
9.10782 0.03937
9.16505 0.0387557
9.22423 0.0397565
9.2732 0.0403097
9.31273 0.0398301
9.37243 0.0396351
9.41722 0.0399795
9.47951 0.0399522
9.5173 0.0403845
9.57686 0.0401818
9.63374 0.041738
9.68609 0.0421039
9.74008 0.0430821
9.80075 0.0427443
9.85819 0.0425785
9.90678 0.0430929
9.96 0.0424737
10.0062 0.0424649
10.0509 0.0430497
