15.0083 0 0 
15.1551 0.0734197 15.0083 
14.747 0.119341 15.0817 
14.7784 0.0970531 14.9702 
14.8863 0.0755189 14.9222 
15.3431 0.0942977 14.915 
15.1281 0.0822269 14.9864 
14.9681 0.0713732 15.0066 
15.086 0.0636367 15.0018 
14.4749 0.0782006 15.0112 
15.0829 0.0716477 14.9575 
14.7121 0.0688181 14.9689 
15.2038 0.0663008 14.9475 
14.9219 0.061468 14.9672 
15.7157 0.0760657 14.964 
15.0472 0.071183 15.0141 
14.7372 0.0688495 15.0162 
14.6616 0.0675767 14.9998 
14.9615 0.0639293 14.981 
15.2088 0.0617187 14.98 
15.4268 0.0622596 14.9914 
15.0575 0.059398 15.0121 
14.9375 0.0568546 15.0142 
15.1536 0.0547581 15.0109 
15.2167 0.0531274 15.0168 
14.7393 0.0522107 15.0248 
15.3735 0.0519755 15.0138 
15.6015 0.0541228 15.0271 
15.3837 0.0534934 15.0477 
15.397 0.0528919 15.0592 
14.707 0.0524841 15.0705 
14.798 0.0514667 15.0588 
14.5148 0.0524586 15.0506 
14.8596 0.0511512 15.0344 
15.2889 0.0502194 15.0293 
15.0825 0.0488211 15.0367 
14.6291 0.0487521 15.038 
14.9716 0.0474741 15.0269 
15.1646 0.0463783 15.0254 
15.1554 0.0453143 15.029 
14.9233 0.0442749 15.0322 
15.0016 0.043213 15.0295 
15.081 0.0422135 15.0289 
14.5549 0.0426335 15.0301 
15.1795 0.0418272 15.0193 
15.121 0.0409635 15.0228 
14.506 0.0415757 15.025 
15.0287 0.0407015 15.0139 
15.2977 0.0402797 15.0142 
15.4821 0.0405334 15.02 
14.5847 0.0406757 15.0293 
15.0598 0.0398929 15.0205 
14.5118 0.0402964 15.0213 
14.547 0.0404688 15.0117 
15.3059 0.040106 15.0031 
14.8987 0.0394322 15.0086 
15.0296 0.0387364 15.0066 
15.1411 0.0381327 15.007 
15.0725 0.0374961 15.0093 
14.7452 0.03713 15.0104 
15.2482 0.0367315 15.006 
14.8471 0.0362296 15.01 
14.6372 0.0361307 15.0073 
15.4031 0.0361111 15.0015 
14.786 0.0357145 15.0077 
14.587 0.0357331 15.0043 
15.0347 0.0351999 14.998 
15.3552 0.0350728 14.9985 
15.0547 0.0345686 15.0038 
14.8401 0.0341521 15.0045 
14.6149 0.0341067 15.0022 
15.2423 0.0338022 14.9967 
14.7616 0.0334957 15.0001 
14.977 0.033041 14.9969 
15.2754 0.0328089 14.9966 
15.1939 0.0324743 15.0003 
15.1446 0.0321026 15.0029 
14.486 0.0323786 15.0047 
14.7811 0.032084 14.998 
14.5332 0.0322026 14.9953 
14.9637 0.0318041 14.9895 
14.769 0.0315284 14.9892 
15.1641 0.0312196 14.9865 
14.7544 0.0309716 14.9887 
14.9772 0.0306052 14.9859 
14.9775 0.0302474 14.9858 
15.2143 0.030013 14.9857 
15.3923 0.0300231 14.9883 
15.6011 0.0304602 14.9929 
14.6669 0.030346 14.9997 
14.91 0.0300256 14.996 
15.0873 0.0297143 14.9951 
14.5337 0.0298106 14.9961 
15.3783 0.029778 14.9911 
15.098 0.0294828 14.9952 
15.0206 0.0291751 14.9963 
15.1209 0.0289012 14.9966 
14.8175 0.0286639 14.9979 
14.7053 0.0285245 14.996 
14.7435 0.0283479 14.9931 
14.8825 0.0280862 14.9906 
14.7744 0.0278893 14.9895 
15.2776 0.0277606 14.9874 
14.7534 0.0275865 14.9902 
15.5491 0.0278403 14.9879 
14.5422 0.0279028 14.9933 
15.0885 0.0276565 14.989 
14.941 0.0274029 14.99 
14.7024 0.0272778 14.9895 
14.5781 0.027283 14.9869 
15.2225 0.027122 14.9832 
14.7783 0.0269422 14.9853 
15.2712 0.0268238 14.9835 
14.8246 0.0266251 14.986 
15.3582 0.0265918 14.9846 
14.8802 0.0263779 14.9878 
15.1033 0.0261704 14.9869 
15.5663 0.0264066 14.9879 
14.9651 0.0261848 14.9928 
15.0345 0.025968 14.9926 
14.6952 0.0258698 14.9929 
14.8912 0.0256698 14.9905 
14.8047 0.0255046 14.9897 
15.0904 0.0253115 14.9881 
14.8336 0.0251389 14.989 
15.5049 0.0252741 14.9877 
14.5929 0.0252703 14.9918 
14.9025 0.0250812 14.9887 
15.0376 0.0248889 14.988 
14.6711 0.0248171 14.9884 
15.4147 0.0248434 14.986 
15.3662 0.0248193 14.9892 
15.0905 0.0246431 14.9921 
15.033 0.0244603 14.9928 
15.2843 0.0243741 14.9931 
14.7939 0.0242394 14.9953 
15.1711 0.0240966 14.9938 
15.4963 0.0241955 14.9951 
15.1432 0.0240433 14.9987 
14.9855 0.0238711 14.9998 
15.0934 0.0237106 14.9997 
14.7971 0.0235865 15.0003 
15.2274 0.0234754 14.9989 
15.0828 0.0233188 15.0005 
14.6253 0.023302 15.0011 
14.9808 0.0231421 14.9985 
14.2869 0.0234882 14.9984 
15.1136 0.0233431 14.9935 
14.7745 0.0232328 14.9943 
14.6959 0.0231622 14.9929 
15.0656 0.0230136 14.9909 
14.8696 0.0228757 14.9914 
14.7399 0.0227847 14.9906 
14.8915 0.0226451 14.9889 
15.1661 0.0225277 14.9883 
14.9656 0.0223834 14.9894 
14.6183 0.0223655 14.9893 
15.4666 0.0224299 14.9869 
14.6398 0.0223969 14.99 
15.1518 0.0222801 14.9878 
14.8816 0.0221513 14.9888 
15.4474 0.0221959 14.9881 
15.4579 0.0222445 14.991 
15.2296 0.0221552 14.9938 
14.9313 0.0220239 14.9953 
15.153 0.0219116 14.9949 
14.649 0.0218788 14.9958 
14.9813 0.0217483 14.9937 
14.8409 0.0216381 14.9937 
14.9295 0.0215136 14.9928 
15.14 0.0214049 14.9924 
14.7084 0.0213444 14.9933 
14.9972 0.0212207 14.9916 
15.1488 0.0211177 14.9916 
15.3548 0.0210985 14.9925 
14.6315 0.0210795 14.9946 
15.039 0.0209617 14.9925 
14.6199 0.0209486 14.9928 
15.0791 0.0208371 14.9907 
15.0802 0.0207269 14.9912 
15.487 0.0207929 14.9917 
15.0696 0.0206825 14.9944 
15.2371 0.0206117 14.9949 
15.0048 0.0204995 14.9962 
14.7447 0.0204336 14.9962 
14.8212 0.0203449 14.9949 
15.0848 0.0202417 14.9939 
14.774 0.0201678 14.9944 
14.9364 0.0200631 14.9932 
15.0531 0.0199597 14.9929 
14.7103 0.0199101 14.9933 
14.7049 0.0198625 14.9918 
15.3651 0.0198545 14.9903 
15.1591 0.0197706 14.9922 
15.2118 0.0197009 14.9931 
14.7469 0.0196407 14.9942 
14.5093 0.0196943 14.9929 
14.7671 0.0196271 14.9905 
14.3609 0.019782 14.9894 
14.7817 0.0197093 14.9862 
