3.14564 3.14564 0
3.144 3.14482 0.000820203
3.1408 3.14348 0.00142077
3.14452 3.14374 0.00103802
3.13651 3.14229 0.00165433
3.13616 3.14127 0.00169363
3.1414 3.14129 0.00143149
3.14399 3.14163 0.00128497
3.14253 3.14173 0.00113762
3.14537 3.14209 0.00108076
3.13852 3.14177 0.00103023
3.13621 3.1413 0.00104813
3.13724 3.14099 0.00101346
3.14748 3.14146 0.00104665
3.14121 3.14144 0.000974518
3.14154 3.14145 0.000911601
3.14843 3.14186 0.000949881
3.14785 3.14219 0.000955434
3.14149 3.14215 0.000904493
3.13552 3.14182 0.000919902
3.1396 3.14172 0.000881394
3.14075 3.14167 0.000841526
3.14018 3.14161 0.000806707
3.14393 3.1417 0.000778422
3.14308 3.14176 0.000748677
3.14837 3.14201 0.000762954
3.14981 3.1423 0.000788933
3.14085 3.14225 0.000762005
3.14295 3.14227 0.000735661
3.14251 3.14228 0.000710758
3.13953 3.14219 0.000693175
3.14315 3.14222 0.000671826
3.13926 3.14213 0.000657318
3.14058 3.14209 0.000639318
3.14697 3.14223 0.000636272
3.13612 3.14206 0.000641219
3.14684 3.14219 0.000636891
3.13932 3.14211 0.000624474
3.13883 3.14203 0.000614052
3.14434 3.14208 0.00060129
3.14114 3.14206 0.000586891
3.14447 3.14212 0.000575599
3.14353 3.14215 0.000563014
3.14168 3.14214 0.000550175
3.14107 3.14212 0.000538336
3.14145 3.1421 0.000526703
3.14661 3.1422 0.000524222
3.14232 3.1422 0.000513191
3.13781 3.14211 0.000510536
3.14476 3.14216 0.00050302
3.13959 3.14211 0.000495645
3.14237 3.14212 0.000486045
3.1415 3.14211 0.000476928
3.13947 3.14206 0.000470555
3.13583 3.14195 0.00047559
3.14632 3.14202 0.000473496
3.1374 3.14194 0.000472142
3.14289 3.14196 0.00046422
3.14858 3.14207 0.000469902
3.13761 3.142 0.000467943
3.13694 3.14191 0.000467615
3.14279 3.14193 0.000460228
3.14604 3.14199 0.00045754
3.14225 3.142 0.000450353
3.14139 3.14199 0.000443468
3.14158 3.14198 0.000436742
3.14311 3.142 0.000430506
3.14593 3.14206 0.000428053
3.13832 3.142 0.000425258
3.14126 3.14199 0.000419274
3.14262 3.142 0.000413423
3.14649 3.14206 0.000412372
3.14669 3.14213 0.000411587
3.13977 3.14209 0.000407229
3.14548 3.14214 0.000404288
3.14194 3.14214 0.000398941
3.14012 3.14211 0.000394599
3.14117 3.1421 0.000389693
3.14368 3.14212 0.000385248
3.14819 3.14219 0.000387895
3.14287 3.1422 0.000383168
3.14209 3.1422 0.000378469
3.13627 3.14213 0.000380651
3.14722 3.14219 0.000380943
3.1403 3.14217 0.000377094
3.13312 3.14206 0.000387239
3.13892 3.14203 0.000384458
3.14029 3.14201 0.000380575
3.14572 3.14205 0.000378583
3.14278 3.14206 0.000374442
3.13934 3.14203 0.000371508
3.1427 3.14203 0.00036752
3.14222 3.14204 0.000363552
3.14493 3.14207 0.000360982
3.14189 3.14207 0.000357167
3.1452 3.1421 0.000354935
3.14191 3.1421 0.000351262
3.13809 3.14206 0.00035005
3.14573 3.14209 0.000348477
3.14288 3.1421 0.000345064
