0.506394 0 0.506394 0.0834513 0.0834513 0
0.504443 0.000975434 0.505419 0.0865671 0.0850092 0.00155792
0.508755 0.00124642 0.506531 0.0826135 0.0842106 0.00120282
0.495046 0.00300341 0.50366 0.0853853 0.0845043 0.000899791
0.496316 0.00275126 0.502191 0.0837056 0.0843446 0.000715043
0.494172 0.0026139 0.500854 0.0859272 0.0846083 0.000640653
0.519626 0.00347441 0.503536 0.0848617 0.0846445 0.000542659
0.507667 0.00305291 0.504052 0.0809047 0.084177 0.000662868
0.499832 0.00273295 0.503583 0.0776116 0.0834475 0.000934832
0.479892 0.00340415 0.501214 0.08161 0.0832638 0.000856093
0.487692 0.00331548 0.499985 0.0864699 0.0835553 0.000827402
0.502079 0.00303163 0.50016 0.0840993 0.0836006 0.000756671
0.504753 0.00281098 0.500513 0.0854663 0.0837441 0.000710678
0.4978 0.00260967 0.500319 0.082561 0.0836596 0.000663365
0.496562 0.00244235 0.500069 0.0878882 0.0839415 0.000678858
0.532399 0.00305001 0.502089 0.0834878 0.0839132 0.000635647
0.49981 0.00286812 0.501955 0.0822549 0.0838156 0.000605002
0.503297 0.00270512 0.50203 0.0836027 0.0838038 0.000570524
0.509246 0.00258682 0.50241 0.086429 0.083942 0.000557069
0.499007 0.00245996 0.502239 0.0811391 0.0838018 0.000546747
0.501274 0.00234034 0.502193 0.0795596 0.0835998 0.000557917
0.511763 0.00227343 0.502628 0.0773372 0.0833151 0.00060333
0.486083 0.00228835 0.501909 0.0851463 0.0833948 0.000581974
0.489628 0.00224989 0.501397 0.0836842 0.0834068 0.000557328
0.503194 0.00215921 0.501469 0.0850849 0.0834739 0.000538768
0.47795 0.00226315 0.500565 0.0847269 0.0835221 0.00051987
0.496298 0.00218344 0.500407 0.0837731 0.0835314 0.000500331
0.495048 0.0021127 0.500215 0.0856131 0.0836058 0.00048783
0.499263 0.00203881 0.500182 0.0830757 0.0835875 0.000471062
0.499007 0.00197007 0.500143 0.0809115 0.0834983 0.000463749
0.490177 0.00193239 0.499822 0.0831733 0.0834878 0.000448663
0.495444 0.00187603 0.499685 0.0861516 0.0835711 0.000442319
0.501311 0.00181896 0.499734 0.0804156 0.0834754 0.000439241
0.499129 0.00176474 0.499716 0.0844274 0.0835034 0.000427045
0.516872 0.0017823 0.500207 0.0869823 0.0836028 0.000426411
0.504343 0.00173589 0.500321 0.0808548 0.0835265 0.000421369
0.503421 0.0016904 0.500405 0.0823593 0.0834949 0.000411034
0.506827 0.00165397 0.500574 0.0822581 0.0834624 0.000401393
0.495832 0.00161558 0.500453 0.0823004 0.0834326 0.0003921
0.503214 0.00157619 0.500522 0.0849935 0.0834716 0.000384158
0.51567 0.00158104 0.500891 0.0809837 0.0834109 0.000379554
0.512824 0.00156888 0.501175 0.0828199 0.0833969 0.000370674
0.508854 0.00154233 0.501354 0.0841204 0.0834137 0.000362342
0.49667 0.00151063 0.501247 0.0859165 0.0834706 0.000358552
0.490493 0.00149589 0.501008 0.0841902 0.0834866 0.000350858
0.507583 0.00146997 0.501151 0.0793408 0.0833964 0.000354784
0.503761 0.00143943 0.501207 0.0813481 0.0833529 0.000349878
0.507306 0.00141484 0.501334 0.0870201 0.0834293 0.000350929
0.494679 0.0013923 0.501198 0.0847324 0.0834559 0.00034472
0.520449 0.00141746 0.501583 0.0846105 0.083479 0.000338544
0.501708 0.00138939 0.501586 0.0826144 0.083462 0.000332272
0.495162 0.001368 0.501462 0.0868044 0.0835263 0.000332099
0.493983 0.00134934 0.501321 0.0843354 0.0835415 0.00032613
0.507425 0.00132893 0.501434 0.0846833 0.0835627 0.000320732
0.496111 0.00130813 0.501337 0.0847723 0.0835847 0.000315613
0.498803 0.00128536 0.501292 0.085053 0.0836109 0.000311033
0.518368 0.00129766 0.501591 0.0881276 0.0836901 0.000315636
0.517566 0.0013045 0.501867 0.0851602 0.0837155 0.000311181
0.503198 0.00128239 0.501889 0.0869178 0.0837698 0.000310639
0.502031 0.00126084 0.501892 0.0826427 0.083751 0.000305995
0.510872 0.00124871 0.502039 0.081239 0.0837098 0.000303741
0.517007 0.0012519 0.50228 0.0857374 0.0837425 0.000300587
0.50619 0.00123343 0.502342 0.0836698 0.0837413 0.000295779
0.498222 0.00121571 0.502278 0.0856981 0.0837719 0.000292722
0.508099 0.00120021 0.502368 0.0800628 0.0837149 0.000293779
0.508603 0.00118565 0.502462 0.0817339 0.0836848 0.000290846
0.510104 0.00117338 0.502576 0.0847811 0.0837012 0.000286939
0.481282 0.00119766 0.502263 0.0837374 0.0837017 0.000282689
0.492337 0.00118891 0.502119 0.0869213 0.0837484 0.000282442
0.499207 0.00117254 0.502078 0.0846979 0.083762 0.000278708
0.501181 0.00115597 0.502065 0.0849173 0.0837782 0.000275236
0.471235 0.00121758 0.501637 0.0830922 0.0837687 0.000271554
0.498296 0.00120166 0.501591 0.0815843 0.0837388 0.000269475
0.501568 0.00118531 0.501591 0.0852716 0.0837595 0.000266614
0.503942 0.00116982 0.501622 0.082768 0.0837463 0.000263367
0.492432 0.00116064 0.501501 0.0826601 0.083732 0.000260272
0.505474 0.00114663 0.501553 0.0829196 0.0837214 0.000257086
0.511848 0.00113951 0.501685 0.08386 0.0837232 0.000253775
0.503865 0.00112533 0.501712 0.0817703 0.0836985 0.000251758
0.516387 0.00112621 0.501896 0.0832783 0.0836932 0.000248647
0.496154 0.00111448 0.501825 0.0825167 0.0836787 0.000245987
0.481775 0.00112763 0.50158 0.0783912 0.0836142 0.00025138
0.499685 0.00111419 0.501557 0.0833357 0.0836109 0.000248355
0.486233 0.00111586 0.501375 0.0838444 0.0836137 0.000245397
0.490011 0.00111073 0.501241 0.082438 0.0835998 0.000242887
0.497413 0.00109864 0.501197 0.0865383 0.083634 0.000242465
0.513333 0.00109486 0.501336 0.0818289 0.0836132 0.000240559
0.505814 0.00108355 0.501387 0.0859591 0.0836399 0.000239299
0.497363 0.00107226 0.501342 0.0825722 0.0836279 0.000236899
0.503558 0.00106056 0.501367 0.0831023 0.0836221 0.000234324
0.507477 0.00105099 0.501434 0.0864762 0.0836534 0.000233848
0.492387 0.00104414 0.501335 0.0789266 0.0836021 0.00023693
0.507029 0.00103467 0.501397 0.0832187 0.0835979 0.000234405
0.498765 0.00102399 0.501369 0.0829276 0.0835908 0.000232007
0.493712 0.00101635 0.501288 0.0808284 0.0835617 0.000231386
0.500962 0.00100571 0.501285 0.0835377 0.0835615 0.000228963
0.515827 0.00100652 0.501435 0.0851092 0.0835774 0.000227152
0.48599 0.00100858 0.501277 0.0803607 0.0835446 0.000227205
0.522354 0.00102079 0.50149 0.0826224 0.0835353 0.000225092
0.496262 0.00101189 0.501438 0.0840652 0.0835406 0.000222892
